scalar
part
         1
coordinates
 1.63246e+05
 1.76979e+05
 1.76979e+05
 1.96486e-11
 1.76979e+05
 1.96486e-11
 1.76979e+05
 1.96486e-11
-3.23117e-27
 1.76979e+05
 1.96486e-11
 1.76979e+05
 1.96486e-11
 1.76979e+05
 1.96486e-11
 0.00000e+00
 1.76979e+05
 1.96486e-11
 1.76979e+05
 0.00000e+00
 0.00000e+00
 1.76979e+05
 1.96486e-11
 1.76979e+05
 0.00000e+00
 1.76979e+05
 1.96486e-11
 1.76979e+05
 0.00000e+00
 1.76979e+05
 1.76979e+05
 1.96486e-11
-5.28048e-26
 1.76979e+05
 1.96486e-11
 1.76979e+05
 1.96486e-11
 1.76979e+05
-4.10704e-26
 1.76979e+05
 1.76979e+05
 1.76979e+05
 1.76979e+05
 1.96486e-11
 1.76979e+05
 1.96486e-11
 1.76979e+05
 1.96486e-11
 1.76979e+05
 1.96486e-11
 1.76979e+05
 0.00000e+00
 1.76979e+05
 1.63246e+05
 1.76979e+05
 1.76979e+05
 1.76979e+05
 1.76979e+05
 1.76979e+05
 1.76979e+05
 1.76979e+05
 1.76979e+05
 1.76979e+05
 1.76979e+05
 1.76979e+05
 1.76979e+05
 1.76979e+05
 1.76979e+05
 1.76979e+05
 1.76979e+05
 1.76979e+05
 1.76979e+05
 1.76979e+05
 1.76979e+05
 1.76979e+05
 1.76979e+05
 1.76979e+05
 1.76979e+05
 1.76979e+05
 1.76979e+05
 1.76979e+05
 1.76979e+05
 1.63246e+05
 0.00000e+00
 0.00000e+00
 0.00000e+00
 0.00000e+00
 0.00000e+00
 0.00000e+00
 0.00000e+00
 0.00000e+00
 0.00000e+00
 0.00000e+00
 0.00000e+00
 0.00000e+00
 0.00000e+00
 0.00000e+00
 0.00000e+00
 0.00000e+00
-5.28048e-26
 0.00000e+00
 0.00000e+00
 0.00000e+00
-3.88890e-26
 0.00000e+00
 0.00000e+00
 0.00000e+00
 0.00000e+00
 1.63246e+05
