scalar
part
         1
coordinates
 1.70103e+05
 1.70121e+05
 1.70121e+05
 1.88872e-11
 1.70121e+05
 1.88872e-11
 1.70121e+05
 1.88872e-11
-3.23117e-27
 1.70121e+05
 1.88872e-11
 1.70121e+05
 1.88872e-11
 1.70121e+05
 1.88872e-11
 0.00000e+00
 1.70121e+05
 1.88872e-11
 1.70121e+05
 0.00000e+00
 0.00000e+00
 1.70121e+05
 1.88872e-11
 1.70121e+05
 0.00000e+00
 1.70121e+05
 1.88872e-11
 1.70121e+05
 0.00000e+00
 1.70121e+05
 1.70121e+05
 1.88872e-11
-5.66086e-26
 1.70121e+05
 1.88872e-11
 1.70121e+05
 1.88872e-11
 1.70121e+05
-4.40289e-26
 1.70121e+05
 1.70121e+05
 1.70121e+05
 1.70121e+05
 1.88872e-11
 1.70121e+05
 1.88872e-11
 1.70121e+05
 1.88872e-11
 1.70121e+05
 1.88872e-11
 1.70121e+05
 0.00000e+00
 1.70121e+05
 1.70103e+05
 1.70121e+05
 1.70121e+05
 1.70121e+05
 1.70121e+05
 1.70121e+05
 1.70121e+05
 1.70121e+05
 1.70121e+05
 1.70121e+05
 1.70121e+05
 1.70121e+05
 1.70121e+05
 1.70121e+05
 1.70121e+05
 1.70121e+05
 1.70121e+05
 1.70121e+05
 1.70121e+05
 1.70121e+05
 1.70121e+05
 1.70121e+05
 1.70121e+05
 1.70121e+05
 1.70121e+05
 1.70121e+05
 1.70121e+05
 1.70121e+05
 1.70121e+05
 1.70103e+05
 0.00000e+00
 0.00000e+00
 0.00000e+00
 0.00000e+00
 0.00000e+00
 0.00000e+00
 0.00000e+00
 0.00000e+00
 0.00000e+00
 0.00000e+00
 0.00000e+00
 0.00000e+00
 0.00000e+00
 0.00000e+00
 0.00000e+00
 0.00000e+00
-5.66086e-26
 0.00000e+00
 0.00000e+00
 0.00000e+00
-4.19320e-26
 0.00000e+00
 0.00000e+00
 0.00000e+00
 0.00000e+00
 1.70103e+05
