scalar
part
         1
coordinates
 1.61432e+05
 1.78793e+05
 1.78793e+05
 1.98500e-11
 1.78793e+05
 1.98500e-11
 1.78793e+05
 1.98500e-11
-3.23117e-27
 1.78793e+05
 1.98500e-11
 1.78793e+05
 1.98500e-11
 1.78793e+05
 1.98500e-11
 6.46235e-27
 1.78793e+05
 1.98500e-11
 1.78793e+05
 0.00000e+00
 0.00000e+00
 1.78793e+05
 1.98500e-11
 1.78793e+05
 0.00000e+00
 1.78793e+05
 1.98500e-11
 1.78793e+05
 0.00000e+00
 1.78793e+05
 1.78793e+05
 1.98500e-11
-5.17988e-26
 1.78793e+05
 1.98500e-11
 1.78793e+05
 1.98500e-11
 1.78793e+05
-4.02879e-26
 1.78793e+05
 1.78793e+05
 1.78793e+05
 1.78793e+05
 1.98500e-11
 1.78793e+05
 1.98500e-11
 1.78793e+05
 1.98500e-11
 1.78793e+05
 1.98500e-11
 1.78793e+05
 0.00000e+00
 1.78793e+05
 1.61432e+05
 1.78793e+05
 1.78793e+05
 1.78793e+05
 1.78793e+05
 1.78793e+05
 1.78793e+05
 1.78793e+05
 1.78793e+05
 1.78793e+05
 1.78793e+05
 1.78793e+05
 1.78793e+05
 1.78793e+05
 1.78793e+05
 1.78793e+05
 1.78793e+05
 1.78793e+05
 1.78793e+05
 1.78793e+05
 1.78793e+05
 1.78793e+05
 1.78793e+05
 1.78793e+05
 1.78793e+05
 1.78793e+05
 1.78793e+05
 1.78793e+05
 1.78793e+05
 1.61432e+05
 0.00000e+00
 0.00000e+00
 0.00000e+00
 0.00000e+00
 0.00000e+00
 0.00000e+00
 0.00000e+00
 0.00000e+00
 0.00000e+00
 0.00000e+00
 0.00000e+00
 0.00000e+00
 0.00000e+00
 0.00000e+00
 0.00000e+00
 0.00000e+00
-5.17988e-26
 0.00000e+00
 0.00000e+00
 0.00000e+00
-3.80841e-26
 0.00000e+00
 0.00000e+00
 0.00000e+00
 0.00000e+00
 1.61432e+05
