scalar
part
         1
coordinates
 6.80388e+05
 6.80400e+05
 6.80400e+05
 0.00000e+00
 6.80400e+05
 0.00000e+00
 6.80400e+05
 0.00000e+00
 6.80400e+05
 0.00000e+00
 6.80400e+05
 0.00000e+00
 6.80400e+05
 0.00000e+00
 1.51079e-10
 6.80400e+05
 0.00000e+00
 6.80400e+05
 0.00000e+00
 6.80400e+05
 0.00000e+00
 6.80400e+05
 0.00000e+00
 6.80400e+05
 0.00000e+00
 6.80400e+05
 0.00000e+00
 6.80400e+05
 0.00000e+00
 6.80400e+05
 0.00000e+00
 6.80400e+05
 0.00000e+00
 6.80400e+05
 0.00000e+00
 6.80400e+05
 0.00000e+00
 6.80400e+05
 0.00000e+00
 6.80400e+05
 0.00000e+00
 0.00000e+00
 6.80400e+05
 0.00000e+00
 6.80400e+05
 0.00000e+00
 6.80400e+05
 0.00000e+00
 6.80400e+05
 0.00000e+00
 6.80400e+05
 6.70926e-26
 2.68366e-25
 6.80400e+05
 6.80400e+05
 0.00000e+00
 6.80400e+05
 7.55396e-11
 6.80400e+05
 0.00000e+00
 6.80400e+05
 0.00000e+00
 6.80400e+05
-1.51079e-10
 6.80400e+05
 0.00000e+00
 6.80400e+05
 6.80400e+05
 0.00000e+00
 1.81146e-24
 6.80400e+05
 3.40200e+05
 1.51079e-10
 0.00000e+00
 6.80400e+05
 6.80400e+05
 2.26619e-10
 6.80400e+05
 0.00000e+00
 6.80400e+05
 0.00000e+00
 6.80400e+05
 0.00000e+00
 6.80400e+05
 0.00000e+00
 6.80400e+05
 0.00000e+00
 6.80400e+05
 0.00000e+00
 6.80400e+05
 0.00000e+00
 6.80400e+05
 0.00000e+00
 6.80400e+05
-1.51079e-10
 6.80400e+05
 0.00000e+00
 6.80400e+05
 0.00000e+00
 6.80400e+05
 2.26619e-10
 6.80400e+05
 0.00000e+00
 6.80400e+05
 0.00000e+00
 6.80400e+05
 2.26800e+05
 0.00000e+00
 6.80400e+05
 6.80400e+05
-1.51079e-10
 6.80400e+05
 0.00000e+00
 6.80400e+05
 0.00000e+00
 3.40200e+05
-1.51079e-10
 6.80400e+05
 0.00000e+00
 7.55396e-11
 6.80400e+05
 0.00000e+00
 6.80400e+05
 0.00000e+00
 6.80400e+05
 0.00000e+00
 6.80400e+05
 0.00000e+00
 6.80400e+05
 6.80400e+05
 3.40200e+05
 6.80400e+05
 0.00000e+00
-3.35463e-26
 6.80400e+05
 3.28746e-24
-3.18682e-24
 3.40200e+05
-1.51079e-10
 6.80400e+05
 6.80400e+05
 0.00000e+00
 6.80400e+05
 3.40200e+05
-1.51079e-10
 6.80400e+05
 0.00000e+00
 6.80400e+05
 0.00000e+00
 1.70100e+05
-1.51079e-10
 6.80400e+05
 6.80400e+05
 0.00000e+00
 6.80400e+05
 0.00000e+00
 6.80400e+05
 0.00000e+00
 2.91600e+05
 0.00000e+00
 2.91600e+05
 0.00000e+00
 6.80400e+05
 6.80400e+05
 0.00000e+00
 6.80400e+05
 3.11973e-24
 6.80400e+05
 6.80400e+05
 0.00000e+00
 0.00000e+00
 6.80400e+05
 0.00000e+00
 6.80400e+05
 0.00000e+00
 6.80400e+05
-7.55396e-10
 0.00000e+00
 6.80400e+05
 6.80400e+05
 6.80388e+05
 6.80400e+05
 6.80400e+05
 6.80400e+05
 0.00000e+00
 6.80400e+05
-1.51079e-10
 6.80400e+05
 0.00000e+00
 6.80400e+05
 0.00000e+00
 6.80400e+05
 6.80400e+05
 0.00000e+00
 6.80400e+05
 0.00000e+00
 6.80400e+05
 6.80400e+05
 0.00000e+00
 6.80400e+05
 6.80400e+05
 6.80400e+05
 6.80400e+05
 0.00000e+00
 6.80400e+05
-1.51079e-10
-1.51079e-10
 6.80400e+05
 0.00000e+00
 6.80400e+05
 0.00000e+00
 6.80400e+05
 6.80400e+05
 6.80400e+05
 6.80400e+05
 6.80400e+05
 6.80400e+05
 0.00000e+00
 6.80400e+05
-1.51079e-10
 6.80400e+05
 0.00000e+00
 6.80400e+05
 0.00000e+00
 6.80400e+05
-1.51079e-10
 6.80400e+05
 0.00000e+00
 2.45697e+01
 2.45697e+01
 2.45697e+01
 2.45697e+01
 2.45697e+01
 2.45697e+01
 2.45697e+01
 2.45697e+01
 2.45697e+01
 2.45697e+01
 2.45697e+01
 2.45697e+01
 2.45697e+01
 2.45697e+01
 2.45697e+01
 2.45697e+01
 2.45697e+01
 2.45697e+01
 2.45697e+01
 2.45697e+01
 2.45697e+01
 3.40212e+05
 2.45697e+01
 2.45697e+01
 2.45697e+01
 2.45697e+01
 2.45697e+01
 2.45697e+01
 2.45697e+01
 3.40212e+05
 2.45697e+01
 2.45697e+01
 2.45697e+01
 3.40212e+05
 2.45697e+01
 2.45697e+01
 2.45697e+01
 2.45697e+01
 2.45697e+01
 2.45697e+01
 2.45697e+01
 2.45697e+01
 2.45697e+01
 2.45697e+01
 2.45697e+01
 2.45697e+01
 2.45697e+01
 2.45697e+01
 2.45697e+01
 2.45697e+01
 2.45697e+01
 2.45697e+01
 2.45697e+01
 2.45697e+01
 2.45697e+01
 2.45697e+01
 2.26816e+05
 2.45697e+01
 2.45697e+01
 2.45697e+01
 2.45697e+01
 3.40212e+05
 2.45697e+01
 2.45697e+01
 3.40212e+05
 2.45697e+01
 2.45697e+01
 4.53608e+05
 2.45697e+01
 3.40212e+05
 3.40212e+05
 2.45697e+01
 2.45697e+01
 3.40212e+05
 2.45697e+01
 2.45697e+01
 3.40212e+05
 2.45697e+01
 2.45697e+01
 2.45697e+01
 1.70118e+05
 2.45697e+01
 2.45697e+01
 2.45697e+01
 2.45697e+01
 2.91614e+05
 2.45697e+01
 2.91614e+05
 2.45697e+01
 2.45697e+01
 2.45697e+01
 2.45697e+01
 2.45697e+01
 2.45697e+01
 2.45697e+01
 2.45697e+01
 2.45697e+01
 2.45697e+01
 2.45697e+01
 2.45697e+01
 2.45697e+01
 2.45697e+01
 2.45697e+01
 2.45697e+01
 2.45697e+01
 2.45697e+01
 2.45697e+01
 2.45697e+01
 2.45697e+01
 2.45697e+01
 2.45697e+01
 2.45697e+01
 2.45697e+01
 2.45697e+01
 2.45697e+01
 2.45697e+01
 2.45697e+01
 2.45697e+01
 2.45697e+01
 2.45699e+01
 2.45699e+01
 2.45699e+01
 2.45699e+01
 2.45699e+01
 2.45699e+01
 2.45699e+01
 2.45699e+01
 2.45699e+01
 2.45699e+01
 2.45699e+01
 2.45699e+01
 2.45699e+01
 2.45699e+01
 2.45699e+01
 2.45699e+01
 2.45699e+01
 2.45699e+01
 2.45699e+01
 2.45699e+01
 2.45699e+01
 2.45699e+01
 2.45699e+01
 2.45699e+01
 2.45698e+01
 2.45699e+01
 2.45699e+01
 2.45699e+01
 2.45699e+01
 2.45699e+01
 2.45699e+01
 2.45699e+01
 2.45699e+01
 2.45699e+01
 2.45699e+01
 2.45699e+01
 2.45699e+01
 2.45699e+01
 2.45699e+01
 2.45699e+01
 2.45699e+01
 2.45699e+01
 2.45699e+01
 2.45699e+01
 2.45699e+01
 2.45699e+01
 2.45699e+01
 2.45699e+01
 2.45699e+01
 2.45699e+01
 2.45699e+01
 2.45699e+01
 2.45699e+01
 2.45699e+01
 2.45699e+01
 2.45699e+01
 2.45699e+01
 2.45699e+01
 2.45699e+01
 2.45699e+01
 2.45699e+01
 2.45699e+01
 2.45699e+01
 2.45699e+01
 2.45699e+01
 2.45699e+01
 2.45699e+01
 2.45699e+01
 2.45698e+01
 2.45699e+01
 2.45699e+01
 2.45699e+01
 2.45699e+01
 2.45699e+01
 2.45699e+01
 2.45699e+01
 2.45699e+01
 2.45699e+01
 2.45699e+01
 2.45699e+01
 2.45699e+01
 2.45699e+01
 2.45699e+01
 2.45699e+01
 2.45699e+01
 2.45699e+01
 2.45699e+01
 2.45699e+01
 2.45699e+01
 2.45699e+01
 2.45699e+01
 2.45699e+01
 2.45699e+01
 2.45699e+01
 2.45699e+01
 2.45699e+01
 2.45699e+01
 2.45699e+01
 2.45699e+01
 2.45699e+01
 2.45699e+01
 2.45699e+01
 2.45699e+01
 2.45699e+01
 2.45699e+01
 2.45699e+01
 2.45699e+01
 2.45699e+01
 2.45701e+01
 2.45701e+01
 2.45701e+01
 2.45701e+01
 2.45701e+01
 2.45701e+01
 2.45701e+01
 2.45701e+01
 2.45701e+01
 2.45701e+01
 2.45701e+01
 2.45701e+01
 2.45701e+01
 2.45701e+01
 2.45701e+01
 2.45701e+01
 2.45701e+01
 2.45701e+01
 2.45701e+01
 2.45701e+01
 2.45700e+01
 2.45701e+01
 2.45701e+01
 2.45701e+01
 2.45701e+01
 2.45701e+01
 2.45701e+01
 2.45701e+01
 2.45701e+01
 2.45701e+01
 2.45700e+01
 2.45701e+01
 2.45701e+01
 2.45701e+01
 2.45701e+01
 2.45701e+01
 2.45701e+01
 2.45701e+01
 2.45701e+01
 2.45701e+01
 2.45701e+01
 2.45701e+01
 2.45701e+01
 2.45701e+01
 2.45701e+01
 2.45701e+01
 2.45701e+01
 2.45701e+01
 2.45701e+01
 2.45701e+01
 2.45701e+01
 2.45701e+01
 2.45701e+01
 2.45701e+01
 2.45701e+01
 2.45700e+01
 2.45701e+01
 2.45701e+01
 2.45701e+01
 2.45701e+01
 2.45700e+01
 2.45701e+01
 2.45701e+01
 2.45701e+01
 2.45701e+01
 2.45701e+01
 2.45701e+01
 2.45700e+01
 2.45701e+01
 2.45701e+01
 2.45701e+01
 2.45701e+01
 2.45701e+01
 2.45701e+01
 2.45701e+01
 2.45701e+01
 2.45701e+01
 2.45701e+01
 2.45701e+01
 2.45701e+01
 2.45701e+01
 2.45701e+01
 2.45701e+01
 2.45701e+01
 2.45701e+01
 2.45701e+01
 2.45701e+01
 2.45701e+01
 2.45701e+01
 2.45701e+01
 2.45701e+01
 2.45701e+01
 2.45701e+01
 2.45701e+01
 2.45701e+01
 2.45701e+01
 2.45701e+01
 2.45701e+01
 2.45701e+01
 2.45701e+01
 2.45701e+01
 2.45701e+01
 2.45701e+01
 2.45701e+01
 2.45701e+01
 2.45701e+01
 2.45701e+01
 2.45701e+01
 2.45701e+01
 2.45702e+01
 2.45702e+01
 2.45702e+01
 2.45702e+01
 2.45702e+01
 2.45702e+01
 2.45702e+01
 2.45702e+01
 2.45702e+01
 2.45702e+01
 2.45702e+01
 2.45702e+01
 2.45702e+01
 2.45702e+01
 2.45702e+01
 2.45702e+01
 2.45702e+01
 2.45702e+01
 2.45701e+01
 2.45702e+01
 2.45702e+01
 2.45702e+01
 2.45702e+01
 2.45702e+01
 2.45702e+01
 2.45702e+01
 2.45702e+01
 2.45702e+01
 2.45702e+01
 2.45702e+01
 2.45701e+01
 2.45702e+01
 2.45702e+01
 2.45702e+01
 2.45702e+01
 2.45702e+01
 2.45702e+01
 2.45702e+01
 2.45702e+01
 2.45702e+01
 2.45702e+01
 2.45702e+01
 2.45702e+01
 2.45702e+01
 2.45702e+01
 2.45702e+01
 2.45702e+01
 2.45702e+01
 2.45702e+01
 2.45702e+01
 2.45702e+01
 2.45702e+01
 2.45702e+01
 2.45702e+01
 2.45702e+01
 2.45702e+01
 2.45702e+01
 2.45702e+01
 2.45702e+01
 2.45702e+01
 2.45702e+01
 2.45702e+01
 2.45702e+01
 2.45701e+01
 2.45702e+01
 2.45702e+01
 2.45702e+01
 2.45701e+01
 2.45702e+01
 2.45701e+01
 2.45702e+01
 2.45702e+01
 2.45702e+01
 2.45701e+01
 2.45702e+01
 2.45702e+01
 2.45702e+01
 2.45702e+01
 2.45702e+01
 2.45702e+01
 2.45702e+01
 2.45702e+01
 2.45702e+01
 2.45702e+01
 2.45702e+01
 2.45702e+01
 2.45702e+01
 2.45702e+01
 2.45702e+01
 2.45702e+01
 2.45702e+01
 2.45702e+01
 2.45702e+01
 2.45702e+01
 2.45702e+01
 2.45702e+01
 2.45702e+01
 2.45702e+01
 2.45702e+01
 2.45702e+01
 2.45702e+01
 2.45702e+01
 2.45702e+01
 2.45702e+01
 2.45702e+01
 2.45702e+01
 2.45702e+01
 2.45702e+01
 2.45702e+01
 2.45702e+01
 2.45702e+01
 2.45702e+01
 2.45702e+01
 2.45702e+01
 2.45702e+01
 2.45702e+01
 2.45702e+01
 2.45702e+01
 2.45702e+01
 2.45702e+01
 2.45702e+01
 2.45702e+01
 2.45702e+01
 2.45702e+01
 2.45702e+01
 2.45702e+01
 2.45702e+01
 2.45702e+01
 2.45702e+01
 2.45702e+01
 2.45702e+01
 2.45702e+01
 2.45702e+01
 2.45702e+01
 2.45702e+01
 2.45702e+01
 2.45702e+01
 2.45702e+01
 2.45702e+01
 2.45702e+01
 2.45702e+01
 2.45702e+01
 2.45702e+01
 2.45702e+01
 2.45702e+01
 2.45702e+01
 2.45702e+01
 2.45702e+01
 2.45702e+01
 2.45702e+01
 2.45702e+01
 2.45702e+01
 2.45702e+01
 2.45702e+01
 2.45702e+01
 2.45702e+01
 2.45702e+01
 2.45702e+01
 2.45702e+01
 2.45702e+01
 2.45702e+01
 2.45702e+01
 2.45702e+01
 2.45702e+01
 2.45702e+01
 2.45702e+01
 2.45702e+01
 2.45702e+01
 2.45702e+01
 2.45702e+01
 2.45702e+01
 2.45702e+01
 2.45702e+01
 2.45702e+01
 2.45702e+01
 2.45702e+01
 2.45702e+01
 2.45702e+01
 2.45702e+01
 2.45702e+01
 2.45702e+01
 2.45702e+01
 2.45702e+01
 2.45702e+01
 2.45702e+01
 2.45702e+01
 2.45702e+01
 2.45702e+01
 2.45702e+01
 2.45702e+01
 2.45702e+01
 2.45702e+01
 2.45702e+01
 2.45702e+01
 2.45702e+01
 2.45702e+01
 2.45702e+01
 2.45702e+01
 2.45702e+01
 2.45702e+01
 2.45702e+01
 2.45702e+01
 2.45702e+01
 2.45702e+01
 2.45702e+01
 2.45702e+01
 2.45702e+01
 2.45702e+01
 2.45702e+01
 2.45702e+01
 2.45702e+01
 2.45702e+01
 2.45702e+01
 2.45702e+01
 2.45702e+01
 2.45702e+01
 2.45702e+01
 2.45702e+01
 2.45702e+01
 2.45702e+01
 2.45702e+01
 2.45702e+01
 2.45702e+01
 2.45702e+01
 2.45702e+01
 2.45702e+01
 2.45702e+01
 2.45702e+01
 2.45702e+01
 2.45702e+01
 2.45702e+01
 2.45702e+01
 2.45702e+01
 2.45702e+01
 2.45702e+01
 2.45702e+01
 2.45702e+01
 2.45702e+01
 2.45702e+01
 2.45702e+01
 2.45702e+01
 2.45702e+01
 2.45702e+01
 2.45702e+01
 2.45702e+01
 2.45702e+01
 2.45702e+01
 2.45702e+01
 2.45702e+01
 2.45702e+01
 2.45702e+01
 2.45702e+01
 2.45702e+01
 2.45702e+01
 2.45702e+01
 2.45702e+01
 2.45702e+01
 2.45702e+01
 2.45702e+01
 2.45702e+01
 2.45702e+01
 2.45702e+01
 2.45702e+01
 2.45702e+01
 2.45702e+01
 2.45702e+01
 2.45702e+01
 2.45702e+01
 2.45702e+01
 2.45702e+01
 2.45702e+01
 2.45702e+01
 2.45702e+01
 2.45702e+01
 2.45702e+01
 2.45702e+01
 2.45702e+01
 2.45702e+01
 2.45702e+01
 2.45702e+01
 2.45702e+01
 2.45702e+01
 2.45702e+01
 2.45702e+01
 2.45702e+01
 2.45702e+01
 2.45702e+01
 2.45702e+01
 2.45702e+01
 2.45702e+01
 2.45702e+01
 2.45702e+01
 2.45702e+01
 2.45702e+01
 2.45702e+01
 2.45702e+01
 2.45702e+01
 2.45702e+01
 2.45702e+01
 2.45702e+01
 2.45702e+01
 2.45702e+01
 2.45702e+01
 2.45702e+01
 2.45702e+01
 2.45702e+01
 2.45702e+01
 2.45702e+01
 2.45702e+01
 2.45702e+01
 2.45702e+01
 2.45702e+01
 2.45702e+01
 2.45702e+01
 2.45702e+01
 2.45702e+01
 2.45702e+01
 2.45702e+01
 2.45702e+01
 2.45702e+01
 2.45702e+01
 2.45702e+01
 2.45702e+01
 2.45702e+01
 2.45702e+01
 2.45702e+01
 2.45702e+01
 2.45702e+01
 2.45702e+01
 2.45702e+01
 2.45702e+01
 2.45702e+01
 2.45702e+01
 2.45702e+01
 2.45702e+01
 2.45702e+01
 2.45702e+01
 2.45702e+01
 2.45702e+01
 2.45702e+01
 2.45702e+01
 2.45701e+01
 2.45701e+01
 2.45701e+01
 2.45701e+01
 2.45701e+01
 2.45701e+01
 2.45701e+01
 2.45701e+01
 2.45701e+01
 2.45701e+01
 2.45701e+01
 2.45701e+01
 2.45701e+01
 2.45701e+01
 2.45701e+01
 2.45701e+01
 2.45701e+01
 2.45701e+01
 2.45701e+01
 2.45701e+01
 2.45701e+01
 2.45701e+01
 2.45701e+01
 2.45701e+01
 2.45701e+01
 2.45701e+01
 2.45701e+01
 2.45701e+01
 2.45701e+01
 2.45701e+01
 2.45701e+01
 2.45701e+01
 2.45701e+01
 2.45701e+01
 2.45701e+01
 2.45701e+01
 2.45701e+01
 2.45701e+01
 2.45701e+01
 2.45701e+01
 2.45701e+01
 2.45701e+01
 2.45701e+01
 2.45701e+01
 2.45701e+01
 2.45701e+01
 2.45701e+01
 2.45701e+01
 2.45701e+01
 2.45701e+01
 2.45701e+01
 2.45701e+01
 2.45701e+01
 2.45701e+01
 2.45701e+01
 2.45701e+01
 2.45701e+01
 2.45701e+01
 2.45701e+01
 2.45701e+01
 2.45701e+01
 2.45701e+01
 2.45701e+01
 2.45701e+01
 2.45701e+01
 2.45701e+01
 2.45701e+01
 2.45701e+01
 2.45701e+01
 2.45701e+01
 2.45701e+01
 2.45701e+01
 2.45701e+01
 2.45701e+01
 2.45701e+01
 2.45701e+01
 2.45701e+01
 2.45701e+01
 2.45701e+01
 2.45701e+01
 2.45701e+01
 2.45701e+01
 2.45701e+01
 2.45701e+01
 2.45701e+01
 2.45701e+01
 2.45701e+01
 2.45701e+01
 2.45701e+01
 2.45701e+01
 2.45701e+01
 2.45701e+01
 2.45701e+01
 2.45701e+01
 2.45701e+01
 2.45701e+01
 2.45701e+01
 2.45701e+01
 2.45701e+01
 2.45701e+01
 2.45701e+01
 2.45701e+01
 2.45701e+01
 2.45701e+01
 2.45701e+01
 2.45699e+01
 2.45699e+01
 2.45699e+01
 2.45699e+01
 2.45699e+01
 2.45699e+01
 2.45699e+01
 2.45699e+01
 2.45699e+01
 2.45699e+01
 2.45699e+01
 2.45699e+01
 2.45699e+01
 2.45699e+01
 2.45699e+01
 2.45699e+01
 2.45699e+01
 2.45699e+01
 2.45699e+01
 2.45699e+01
 2.45699e+01
 2.45699e+01
 2.45699e+01
 2.45699e+01
 2.45700e+01
 2.45699e+01
 2.45699e+01
 2.45699e+01
 2.45699e+01
 2.45699e+01
 2.45699e+01
 2.45699e+01
 2.45699e+01
 2.45699e+01
 2.45699e+01
 2.45699e+01
 2.45699e+01
 2.45699e+01
 2.45699e+01
 2.45699e+01
 2.45699e+01
 2.45699e+01
 2.45699e+01
 2.45699e+01
 2.45699e+01
 2.45699e+01
 2.45699e+01
 2.45699e+01
 2.45699e+01
 2.45699e+01
 2.45699e+01
 2.45699e+01
 2.45699e+01
 2.45699e+01
 2.45699e+01
 2.45699e+01
 2.45699e+01
 2.45699e+01
 2.45699e+01
 2.45699e+01
 2.45699e+01
 2.45699e+01
 2.45699e+01
 2.45699e+01
 2.45699e+01
 2.45699e+01
 2.45699e+01
 2.45699e+01
 2.45699e+01
 2.45699e+01
 2.45699e+01
 2.45699e+01
 2.45699e+01
 2.45699e+01
 2.45699e+01
 2.45699e+01
 2.45699e+01
 2.45699e+01
 2.45699e+01
 2.45699e+01
 2.45699e+01
 2.45700e+01
 2.45699e+01
 2.45699e+01
 2.45699e+01
 2.45699e+01
 2.45699e+01
 2.45699e+01
 2.45699e+01
 2.45699e+01
 2.45699e+01
 2.45699e+01
 2.45699e+01
 2.45699e+01
 2.45699e+01
 2.45699e+01
 2.45699e+01
 2.45699e+01
 2.45699e+01
 2.45699e+01
 2.45699e+01
 2.45699e+01
 2.45699e+01
 2.45699e+01
 2.45699e+01
 2.45699e+01
 2.45699e+01
 2.45699e+01
 2.45697e+01
 2.45697e+01
 2.45697e+01
 2.45697e+01
 2.45697e+01
 2.45697e+01
 2.45697e+01
 2.45697e+01
 2.45697e+01
 2.45697e+01
 2.45697e+01
 2.45697e+01
 2.45697e+01
 2.45697e+01
 2.45697e+01
 2.45697e+01
 2.45697e+01
 2.45697e+01
 2.45697e+01
 2.45697e+01
 2.45697e+01
 2.45697e+01
 2.45697e+01
 2.45697e+01
 2.45697e+01
 2.45697e+01
 2.45697e+01
 2.45697e+01
 2.45697e+01
 2.45697e+01
 2.45697e+01
 2.45697e+01
 2.45697e+01
 2.45697e+01
 2.45697e+01
 2.45697e+01
 2.45697e+01
 2.45697e+01
 2.45697e+01
 2.45697e+01
 2.45697e+01
 2.45697e+01
 2.45697e+01
 2.45697e+01
 2.45697e+01
 2.45697e+01
 2.45697e+01
 2.45697e+01
 2.45697e+01
 2.45697e+01
 2.45697e+01
 2.45697e+01
 2.45697e+01
 2.45697e+01
 2.45697e+01
 2.45697e+01
 2.45697e+01
 2.45697e+01
 2.45697e+01
 2.45697e+01
 2.45697e+01
 2.45697e+01
 2.45697e+01
 2.45697e+01
 2.45697e+01
 2.45697e+01
 2.45697e+01
 2.45697e+01
 2.45697e+01
 2.45697e+01
 2.45697e+01
 2.45697e+01
 2.45697e+01
 2.45697e+01
 2.45697e+01
 2.45699e+01
 2.45697e+01
 2.45697e+01
 2.45697e+01
 2.45697e+01
 2.45697e+01
 2.45697e+01
 2.45697e+01
 2.45697e+01
 2.45697e+01
 2.45697e+01
 2.45697e+01
 2.45697e+01
 2.45697e+01
 2.45697e+01
 2.45697e+01
 2.45697e+01
 2.45697e+01
 2.45697e+01
 2.45697e+01
 2.45697e+01
 2.45697e+01
 2.45697e+01
 2.45697e+01
 2.45697e+01
 2.45697e+01
 2.45697e+01
 2.45697e+01
 2.45697e+01
 2.45697e+01
 2.45697e+01
 2.45697e+01
 2.45697e+01
 2.45697e+01
 6.80400e+05
 6.80400e+05
 6.80400e+05
 6.80400e+05
 6.80400e+05
 6.80400e+05
 6.80400e+05
 6.80400e+05
 6.80400e+05
 6.80400e+05
 6.80400e+05
 6.80400e+05
 6.80400e+05
 6.80400e+05
 6.80400e+05
 6.80400e+05
 6.80400e+05
 6.80400e+05
 6.80400e+05
 6.80400e+05
 6.80400e+05
 6.80400e+05
 6.80400e+05
 6.80400e+05
 6.80400e+05
 6.80400e+05
 6.80400e+05
 6.80400e+05
 6.80400e+05
 6.80400e+05
 6.80400e+05
 6.80400e+05
 6.80400e+05
 6.80400e+05
 6.80400e+05
 6.80400e+05
 6.80400e+05
 6.80400e+05
 3.40212e+05
 6.80400e+05
 6.80400e+05
 6.80400e+05
 6.80400e+05
 6.80400e+05
 6.80400e+05
 6.80400e+05
 6.80400e+05
 6.80400e+05
 6.80400e+05
 6.80400e+05
 6.80400e+05
 6.80400e+05
 6.80400e+05
 6.80400e+05
 6.80400e+05
 6.80400e+05
 6.80400e+05
 6.80400e+05
 6.80400e+05
 6.80400e+05
 6.80400e+05
 6.80400e+05
 6.80400e+05
 6.80400e+05
 6.80400e+05
 3.40212e+05
 6.80400e+05
 6.80400e+05
 6.80400e+05
 6.80400e+05
 6.80400e+05
 6.80400e+05
 6.80400e+05
 5.10306e+05
 6.80400e+05
 6.80400e+05
 6.80400e+05
 6.80400e+05
 6.80400e+05
 6.80400e+05
 6.80400e+05
 6.80400e+05
 6.80400e+05
 6.80400e+05
 6.80400e+05
 6.80400e+05
 6.80400e+05
 6.80400e+05
 6.80400e+05
 6.80400e+05
 6.80400e+05
 6.80400e+05
 6.80400e+05
 6.80400e+05
 6.80400e+05
 6.80400e+05
 6.80400e+05
 6.80400e+05
 6.80400e+05
 6.80400e+05
 6.80400e+05
 6.80400e+05
 6.80400e+05
 6.80400e+05
 6.80400e+05
 6.80400e+05
 6.80400e+05
 6.80388e+05
 0.00000e+00
 0.00000e+00
 0.00000e+00
 0.00000e+00
 0.00000e+00
 0.00000e+00
 0.00000e+00
 0.00000e+00
 0.00000e+00
 0.00000e+00
 0.00000e+00
 0.00000e+00
 0.00000e+00
 0.00000e+00
 0.00000e+00
 0.00000e+00
 0.00000e+00
 0.00000e+00
 0.00000e+00
 0.00000e+00
 0.00000e+00
 0.00000e+00
 0.00000e+00
 0.00000e+00
 0.00000e+00
 6.70926e-26
 3.35458e-25
 0.00000e+00
 0.00000e+00
 0.00000e+00
 0.00000e+00
 0.00000e+00
 0.00000e+00
 0.00000e+00
 0.00000e+00
 1.61018e-24
 0.00000e+00
 0.00000e+00
 3.40200e+05
-2.68366e-25
 0.00000e+00
 0.00000e+00
 0.00000e+00
 0.00000e+00
 0.00000e+00
 0.00000e+00
 0.00000e+00
 0.00000e+00
 0.00000e+00
 0.00000e+00
 0.00000e+00
 0.00000e+00
 0.00000e+00
 0.00000e+00
 0.00000e+00
 0.00000e+00
 0.00000e+00
 0.00000e+00
 0.00000e+00
 0.00000e+00
 0.00000e+00
 0.00000e+00
 0.00000e+00
 0.00000e+00
 0.00000e+00
 0.00000e+00
 1.00636e-25
 0.00000e+00
 3.40200e+05
 3.18682e-24
-3.15328e-24
 0.00000e+00
 0.00000e+00
 0.00000e+00
 0.00000e+00
 0.00000e+00
 0.00000e+00
 0.00000e+00
 0.00000e+00
 0.00000e+00
 0.00000e+00
 0.00000e+00
 0.00000e+00
 3.25391e-24
 0.00000e+00
 0.00000e+00
 0.00000e+00
 0.00000e+00
 1.47600e-24
 0.00000e+00
 6.80388e+05
 0.00000e+00
 0.00000e+00
 0.00000e+00
 0.00000e+00
 0.00000e+00
 0.00000e+00
 0.00000e+00
 0.00000e+00
 0.00000e+00
 0.00000e+00
 0.00000e+00
 0.00000e+00
 0.00000e+00
 0.00000e+00
 0.00000e+00
 0.00000e+00
