scalar
part
         1
coordinates
 3.40186e+05
 3.40205e+05
 3.40205e+05
 0.00000e+00
 3.40205e+05
 0.00000e+00
 3.40205e+05
 0.00000e+00
 3.40205e+05
 0.00000e+00
 3.40205e+05
 0.00000e+00
 3.40205e+05
 0.00000e+00
 3.40205e+05
 0.00000e+00
 3.77703e-11
 3.40205e+05
 0.00000e+00
 3.40205e+05
 0.00000e+00
 3.40205e+05
 0.00000e+00
 3.40205e+05
 0.00000e+00
 3.40205e+05
 3.40205e+05
 0.00000e+00
 3.40205e+05
 3.77703e-11
 3.40205e+05
-7.55407e-11
 3.40205e+05
-7.55407e-11
 3.40205e+05
-7.55407e-11
 0.00000e+00
 3.40205e+05
 3.77703e-11
 3.40205e+05
 0.00000e+00
 3.40205e+05
 0.00000e+00
 3.40205e+05
 0.00000e+00
 3.40205e+05
 0.00000e+00
 3.40205e+05
 0.00000e+00
 3.40205e+05
 0.00000e+00
 3.40205e+05
 0.00000e+00
 3.40205e+05
 0.00000e+00
 3.40205e+05
-7.55407e-11
 3.40205e+05
-7.55407e-11
 3.40205e+05
 0.00000e+00
 3.40205e+05
-7.55407e-11
 3.40205e+05
 3.40205e+05
 0.00000e+00
 0.00000e+00
 3.40205e+05
 0.00000e+00
 3.40205e+05
 0.00000e+00
 3.40205e+05
 0.00000e+00
 3.40205e+05
 0.00000e+00
 3.40205e+05
 0.00000e+00
 3.40205e+05
 3.77373e-25
 3.40205e+05
 3.40205e+05
 0.00000e+00
-6.28955e-25
 3.40205e+05
-1.88852e-10
 3.40205e+05
 3.40205e+05
 0.00000e+00
 3.40205e+05
 3.40205e+05
 0.00000e+00
 3.40205e+05
-7.55407e-11
 3.40205e+05
 0.00000e+00
 3.40205e+05
 0.00000e+00
 3.40205e+05
 0.00000e+00
 3.40205e+05
 0.00000e+00
 3.40205e+05
 0.00000e+00
 3.40205e+05
 0.00000e+00
 3.40205e+05
 0.00000e+00
 3.40205e+05
 3.40186e+05
 3.88971e+01
 3.88971e+01
 3.88971e+01
 3.88971e+01
 3.88971e+01
 3.88971e+01
 3.88971e+01
 3.88971e+01
 3.88971e+01
 3.88971e+01
 3.88971e+01
 3.88971e+01
 3.88971e+01
 3.88971e+01
 3.88971e+01
 3.88971e+01
 3.88971e+01
 3.88971e+01
 3.88971e+01
 3.88971e+01
 3.88971e+01
 3.88971e+01
 3.88971e+01
 3.88971e+01
 3.88971e+01
 3.88971e+01
 3.88971e+01
 3.88971e+01
 3.88971e+01
 3.88971e+01
 3.88971e+01
 3.88971e+01
 3.88971e+01
 3.88971e+01
 3.88971e+01
 3.88971e+01
 3.88971e+01
 3.88971e+01
 3.88971e+01
 3.88971e+01
 3.88971e+01
 3.88971e+01
 3.88971e+01
 3.88971e+01
 3.88971e+01
 3.88971e+01
 3.88971e+01
 3.88971e+01
 3.88971e+01
 3.88971e+01
 3.88971e+01
 3.88971e+01
 3.88971e+01
 3.88971e+01
 3.88974e+01
 3.88974e+01
 3.88974e+01
 3.88974e+01
 3.88974e+01
 3.88974e+01
 3.88974e+01
 3.88974e+01
 3.88974e+01
 3.88974e+01
 3.88974e+01
 3.88974e+01
 3.88974e+01
 3.88974e+01
 3.88974e+01
 3.88974e+01
 3.88974e+01
 3.88974e+01
 3.88974e+01
 3.88974e+01
 3.88974e+01
 3.88974e+01
 3.88974e+01
 3.88974e+01
 3.88974e+01
 3.88974e+01
 3.88974e+01
 3.88974e+01
 3.88974e+01
 3.88974e+01
 3.88974e+01
 3.88974e+01
 3.88974e+01
 3.88974e+01
 3.88974e+01
 3.88974e+01
 3.88974e+01
 3.88974e+01
 3.88974e+01
 3.88974e+01
 3.88974e+01
 3.88974e+01
 3.88974e+01
 3.88974e+01
 3.88974e+01
 3.88974e+01
 3.88974e+01
 3.88974e+01
 3.88974e+01
 3.88974e+01
 3.88974e+01
 3.88974e+01
 3.88974e+01
 3.88974e+01
 3.88971e+01
 3.88971e+01
 3.88971e+01
 3.88971e+01
 3.88971e+01
 3.88971e+01
 3.88971e+01
 3.88971e+01
 3.88971e+01
 3.88971e+01
 3.88971e+01
 3.88971e+01
 3.88971e+01
 3.88971e+01
 3.88971e+01
 3.88971e+01
 3.88971e+01
 3.88971e+01
 3.88971e+01
 3.88971e+01
 3.88971e+01
 3.88971e+01
 3.88971e+01
 3.88971e+01
 3.88971e+01
 3.88971e+01
 3.88971e+01
 3.88971e+01
 3.88971e+01
 3.88971e+01
 3.88971e+01
 3.88971e+01
 3.88971e+01
 3.88971e+01
 3.88971e+01
 3.88971e+01
 3.88971e+01
 3.88971e+01
 3.88971e+01
 3.88971e+01
 3.88971e+01
 3.88971e+01
 3.88971e+01
 3.88971e+01
 3.88971e+01
 3.88971e+01
 3.88971e+01
 3.88971e+01
 3.88971e+01
 3.88971e+01
 3.88971e+01
 3.88971e+01
 3.40205e+05
 3.40205e+05
 3.40205e+05
 3.40205e+05
 3.40205e+05
 3.40205e+05
 3.40205e+05
 3.40205e+05
 3.40205e+05
 3.40205e+05
 3.40205e+05
 3.40205e+05
 3.40205e+05
 3.40205e+05
 3.40205e+05
 3.40205e+05
 3.40205e+05
 3.40205e+05
 3.40205e+05
 3.40205e+05
 3.40205e+05
 3.40205e+05
 3.40205e+05
 3.40205e+05
 3.40205e+05
 3.40205e+05
 3.40205e+05
 3.40205e+05
 3.40205e+05
 3.40205e+05
 3.40205e+05
 3.40205e+05
 3.40205e+05
 3.40205e+05
 3.40205e+05
 3.40205e+05
 3.40205e+05
 3.40205e+05
 3.40205e+05
 3.40205e+05
 3.40205e+05
 3.40205e+05
 3.40205e+05
 3.40205e+05
 3.40205e+05
 3.40205e+05
 3.40205e+05
 3.40205e+05
 3.40205e+05
 3.40205e+05
 3.40205e+05
 3.40205e+05
 3.40205e+05
 3.40205e+05
 3.40186e+05
 0.00000e+00
 0.00000e+00
 0.00000e+00
 0.00000e+00
 0.00000e+00
 0.00000e+00
 0.00000e+00
 0.00000e+00
 0.00000e+00
 0.00000e+00
 0.00000e+00
 0.00000e+00
 0.00000e+00
 0.00000e+00
 0.00000e+00
 0.00000e+00
 0.00000e+00
 5.03164e-26
 0.00000e+00
 0.00000e+00
 0.00000e+00
 0.00000e+00
 0.00000e+00
 0.00000e+00
 0.00000e+00
 0.00000e+00
 0.00000e+00
 0.00000e+00
 0.00000e+00
 0.00000e+00
 0.00000e+00
 0.00000e+00
 8.38670e-27
 0.00000e+00
 0.00000e+00
 0.00000e+00
 0.00000e+00
 0.00000e+00
 0.00000e+00
 3.77373e-25
-6.28955e-25
 0.00000e+00
-3.01898e-25
 0.00000e+00
 0.00000e+00
 0.00000e+00
 0.00000e+00
 0.00000e+00
 0.00000e+00
 0.00000e+00
 0.00000e+00
 0.00000e+00
 3.40186e+05
