scalar
part
         1
coordinates
 3.20136e+05
 3.85203e+05
 3.85203e+05
 0.00000e+00
 3.85203e+05
 0.00000e+00
 3.85203e+05
 0.00000e+00
 3.85203e+05
 0.00000e+00
 3.85203e+05
 0.00000e+00
 3.85203e+05
 0.00000e+00
 8.55322e-11
 3.85203e+05
 0.00000e+00
 3.85203e+05
 0.00000e+00
 3.85203e+05
 0.00000e+00
 3.85203e+05
 0.00000e+00
 3.85203e+05
 0.00000e+00
 3.85203e+05
 0.00000e+00
 3.85203e+05
 0.00000e+00
 3.85203e+05
 0.00000e+00
 3.85203e+05
 0.00000e+00
 3.85203e+05
 0.00000e+00
 3.85203e+05
 0.00000e+00
 3.85203e+05
 0.00000e+00
 3.85203e+05
 0.00000e+00
 0.00000e+00
 3.85203e+05
 0.00000e+00
 3.85203e+05
 0.00000e+00
 3.85203e+05
 0.00000e+00
 3.85203e+05
 0.00000e+00
 3.85203e+05
 3.79839e-26
 1.26271e-25
 3.85203e+05
 3.85203e+05
 0.00000e+00
 3.85203e+05
 4.27661e-11
 3.85203e+05
 0.00000e+00
 3.85203e+05
 0.00000e+00
 3.85203e+05
-8.55322e-11
 3.85203e+05
 0.00000e+00
 3.85203e+05
 3.85203e+05
 0.00000e+00
 7.94585e-25
 3.85203e+05
 1.92601e+05
 8.55322e-11
 0.00000e+00
 3.85203e+05
 3.85203e+05
 1.28298e-10
 3.85203e+05
 0.00000e+00
 3.85203e+05
 0.00000e+00
 3.85203e+05
 0.00000e+00
 3.85203e+05
 0.00000e+00
 3.85203e+05
 0.00000e+00
 3.85203e+05
 0.00000e+00
 3.85203e+05
 0.00000e+00
 3.85203e+05
 0.00000e+00
 3.85203e+05
-8.55322e-11
 3.85203e+05
 0.00000e+00
 3.85203e+05
 0.00000e+00
 3.85203e+05
 1.28298e-10
 3.85203e+05
 0.00000e+00
 3.85203e+05
 0.00000e+00
 3.85203e+05
 1.28401e+05
 0.00000e+00
 3.85203e+05
 3.85203e+05
-8.55322e-11
 3.85203e+05
 0.00000e+00
 3.85203e+05
 0.00000e+00
 1.92601e+05
-8.55322e-11
 3.85203e+05
 0.00000e+00
 4.27661e-11
 3.85203e+05
 0.00000e+00
 3.85203e+05
 0.00000e+00
 3.85203e+05
 0.00000e+00
 3.85203e+05
 0.00000e+00
 3.85203e+05
 3.85203e+05
 1.92601e+05
 3.85203e+05
 0.00000e+00
-1.89920e-26
 3.85203e+05
 1.43775e-24
-1.39360e-24
 1.92601e+05
-8.55322e-11
 3.85203e+05
 3.85203e+05
 0.00000e+00
 3.85203e+05
 1.92601e+05
-8.55322e-11
 3.85203e+05
 0.00000e+00
 3.85203e+05
 0.00000e+00
 9.63007e+04
-8.55322e-11
 3.85203e+05
 3.85203e+05
 0.00000e+00
 3.85203e+05
 0.00000e+00
 3.85203e+05
 0.00000e+00
 1.65087e+05
 0.00000e+00
 1.65087e+05
 0.00000e+00
 3.85203e+05
 3.85203e+05
 0.00000e+00
 3.85203e+05
 1.36845e-24
 3.85203e+05
 3.85203e+05
 0.00000e+00
 0.00000e+00
 3.85203e+05
 0.00000e+00
 3.85203e+05
 0.00000e+00
 3.85203e+05
-4.27661e-10
 0.00000e+00
 3.85203e+05
 3.85203e+05
 3.20136e+05
 3.85203e+05
 3.85203e+05
 3.85203e+05
 0.00000e+00
 3.85203e+05
-8.55322e-11
 3.85203e+05
 0.00000e+00
 3.85203e+05
 0.00000e+00
 3.85203e+05
 3.85203e+05
 0.00000e+00
 3.85203e+05
 0.00000e+00
 3.85203e+05
 3.85203e+05
 0.00000e+00
 3.85203e+05
 3.85203e+05
 3.85203e+05
 3.85203e+05
 0.00000e+00
 3.85203e+05
-8.55322e-11
-8.55322e-11
 3.85203e+05
 0.00000e+00
 3.85203e+05
 0.00000e+00
 3.85203e+05
 3.85203e+05
 3.85203e+05
 3.85203e+05
 3.85203e+05
 3.85203e+05
 0.00000e+00
 3.85203e+05
-8.55322e-11
 3.85203e+05
 0.00000e+00
 3.85203e+05
 0.00000e+00
 3.85203e+05
-8.55322e-11
 3.85203e+05
 0.00000e+00
 1.35049e+05
 1.35049e+05
 1.35049e+05
 1.35049e+05
 1.35049e+05
 1.35049e+05
 1.35049e+05
 1.35049e+05
 1.35049e+05
 1.35049e+05
 1.35049e+05
 1.35049e+05
 1.35049e+05
 1.35049e+05
 1.35049e+05
 1.35049e+05
 1.35049e+05
 1.35049e+05
 1.35049e+05
 1.35049e+05
 1.35049e+05
 2.60126e+05
 1.35049e+05
 1.35049e+05
 1.35049e+05
 1.35049e+05
 1.35049e+05
 1.35049e+05
 1.35049e+05
 2.60126e+05
 1.35049e+05
 1.35049e+05
 1.35049e+05
 2.60126e+05
 1.35049e+05
 1.35049e+05
 1.35049e+05
 1.35049e+05
 1.35049e+05
 1.35049e+05
 1.35049e+05
 1.35049e+05
 1.35049e+05
 1.35049e+05
 1.35049e+05
 1.35049e+05
 1.35049e+05
 1.35049e+05
 1.35049e+05
 1.35049e+05
 1.35049e+05
 1.35049e+05
 1.35049e+05
 1.35049e+05
 1.35049e+05
 1.35049e+05
 2.18434e+05
 1.35049e+05
 1.35049e+05
 1.35049e+05
 1.35049e+05
 2.60126e+05
 1.35049e+05
 1.35049e+05
 2.60126e+05
 1.35049e+05
 1.35049e+05
 3.01818e+05
 1.35049e+05
 2.60126e+05
 2.60126e+05
 1.35049e+05
 1.35049e+05
 2.60126e+05
 1.35049e+05
 1.35049e+05
 2.60126e+05
 1.35049e+05
 1.35049e+05
 1.35049e+05
 1.97588e+05
 1.35049e+05
 1.35049e+05
 1.35049e+05
 1.35049e+05
 2.42258e+05
 1.35049e+05
 2.42258e+05
 1.35049e+05
 1.35049e+05
 1.35049e+05
 1.35049e+05
 1.35049e+05
 1.35049e+05
 1.35049e+05
 1.35049e+05
 1.35049e+05
 1.35049e+05
 1.35049e+05
 1.35049e+05
 1.35049e+05
 1.35049e+05
 1.35049e+05
 1.35049e+05
 1.35049e+05
 1.35049e+05
 1.35049e+05
 1.35049e+05
 1.35049e+05
 1.35049e+05
 1.35049e+05
 1.35049e+05
 1.35049e+05
 1.35049e+05
 1.35049e+05
 1.35049e+05
 1.35049e+05
 1.35049e+05
 1.35049e+05
 1.43330e+05
 1.43330e+05
 1.43330e+05
 1.43330e+05
 1.43330e+05
 1.43330e+05
 1.43330e+05
 1.43330e+05
 1.43330e+05
 1.43330e+05
 1.43330e+05
 1.43330e+05
 1.43330e+05
 1.43330e+05
 1.43330e+05
 1.43330e+05
 1.43330e+05
 1.43330e+05
 1.43330e+05
 1.43330e+05
 1.43330e+05
 1.43330e+05
 1.43330e+05
 1.43330e+05
 1.39190e+05
 1.43330e+05
 1.43330e+05
 1.43330e+05
 1.43330e+05
 1.43330e+05
 1.43330e+05
 1.43330e+05
 1.43330e+05
 1.43330e+05
 1.43330e+05
 1.43330e+05
 1.43330e+05
 1.43330e+05
 1.43330e+05
 1.43330e+05
 1.43330e+05
 1.43330e+05
 1.43330e+05
 1.43330e+05
 1.43330e+05
 1.43330e+05
 1.43330e+05
 1.43330e+05
 1.43330e+05
 1.43330e+05
 1.43330e+05
 1.43330e+05
 1.43330e+05
 1.43330e+05
 1.43330e+05
 1.43330e+05
 1.43330e+05
 1.43330e+05
 1.43330e+05
 1.43330e+05
 1.43330e+05
 1.43330e+05
 1.43330e+05
 1.43330e+05
 1.43330e+05
 1.43330e+05
 1.43330e+05
 1.43330e+05
 1.39190e+05
 1.43330e+05
 1.43330e+05
 1.43330e+05
 1.43330e+05
 1.43330e+05
 1.43330e+05
 1.43330e+05
 1.43330e+05
 1.43330e+05
 1.43330e+05
 1.43330e+05
 1.43330e+05
 1.43330e+05
 1.43330e+05
 1.43330e+05
 1.43330e+05
 1.43330e+05
 1.43330e+05
 1.43330e+05
 1.43330e+05
 1.43330e+05
 1.43330e+05
 1.43330e+05
 1.43330e+05
 1.43330e+05
 1.43330e+05
 1.43330e+05
 1.43330e+05
 1.43330e+05
 1.43330e+05
 1.43330e+05
 1.43330e+05
 1.43330e+05
 1.43330e+05
 1.43330e+05
 1.43330e+05
 1.43330e+05
 1.43330e+05
 1.43330e+05
 1.48801e+05
 1.48801e+05
 1.48801e+05
 1.48801e+05
 1.48801e+05
 1.48801e+05
 1.48801e+05
 1.48801e+05
 1.48801e+05
 1.48801e+05
 1.48801e+05
 1.48801e+05
 1.48801e+05
 1.48801e+05
 1.48801e+05
 1.48801e+05
 1.48801e+05
 1.48801e+05
 1.48801e+05
 1.48801e+05
 1.46066e+05
 1.48801e+05
 1.48801e+05
 1.48801e+05
 1.48801e+05
 1.48801e+05
 1.48801e+05
 1.48801e+05
 1.48801e+05
 1.48801e+05
 1.46066e+05
 1.48801e+05
 1.48801e+05
 1.48801e+05
 1.48801e+05
 1.48801e+05
 1.48801e+05
 1.48801e+05
 1.48801e+05
 1.48801e+05
 1.48801e+05
 1.48801e+05
 1.48801e+05
 1.48801e+05
 1.48801e+05
 1.48801e+05
 1.48801e+05
 1.48801e+05
 1.48801e+05
 1.48801e+05
 1.48801e+05
 1.48801e+05
 1.48801e+05
 1.48801e+05
 1.48801e+05
 1.46066e+05
 1.48801e+05
 1.48801e+05
 1.48801e+05
 1.48801e+05
 1.46066e+05
 1.48801e+05
 1.48801e+05
 1.48801e+05
 1.48801e+05
 1.48801e+05
 1.48801e+05
 1.44698e+05
 1.48801e+05
 1.48801e+05
 1.48801e+05
 1.48801e+05
 1.48801e+05
 1.48801e+05
 1.48801e+05
 1.48801e+05
 1.48801e+05
 1.48801e+05
 1.48801e+05
 1.48801e+05
 1.48801e+05
 1.48801e+05
 1.48801e+05
 1.48801e+05
 1.48801e+05
 1.48801e+05
 1.48801e+05
 1.48801e+05
 1.48801e+05
 1.48801e+05
 1.48801e+05
 1.48801e+05
 1.48801e+05
 1.48801e+05
 1.48801e+05
 1.48801e+05
 1.48801e+05
 1.48801e+05
 1.48801e+05
 1.48801e+05
 1.48801e+05
 1.48801e+05
 1.48801e+05
 1.48801e+05
 1.48801e+05
 1.48801e+05
 1.48801e+05
 1.48801e+05
 1.48801e+05
 1.51916e+05
 1.51916e+05
 1.51916e+05
 1.51916e+05
 1.51916e+05
 1.51916e+05
 1.51916e+05
 1.51916e+05
 1.51916e+05
 1.51916e+05
 1.51916e+05
 1.51916e+05
 1.51916e+05
 1.51916e+05
 1.51916e+05
 1.51916e+05
 1.51916e+05
 1.51916e+05
 1.50358e+05
 1.51916e+05
 1.51916e+05
 1.51916e+05
 1.51916e+05
 1.51916e+05
 1.51916e+05
 1.51916e+05
 1.51916e+05
 1.51916e+05
 1.51916e+05
 1.51916e+05
 1.50358e+05
 1.51916e+05
 1.51916e+05
 1.51916e+05
 1.51916e+05
 1.51916e+05
 1.51916e+05
 1.51916e+05
 1.51916e+05
 1.51916e+05
 1.51916e+05
 1.51916e+05
 1.51916e+05
 1.51916e+05
 1.51916e+05
 1.51916e+05
 1.51916e+05
 1.51916e+05
 1.51916e+05
 1.51916e+05
 1.51916e+05
 1.51916e+05
 1.51916e+05
 1.51916e+05
 1.51916e+05
 1.51916e+05
 1.51916e+05
 1.51916e+05
 1.51916e+05
 1.51916e+05
 1.51916e+05
 1.51916e+05
 1.51916e+05
 1.50358e+05
 1.51916e+05
 1.51916e+05
 1.51916e+05
 1.50358e+05
 1.51916e+05
 1.50358e+05
 1.51916e+05
 1.51916e+05
 1.51916e+05
 1.50358e+05
 1.51916e+05
 1.51916e+05
 1.51916e+05
 1.51916e+05
 1.51137e+05
 1.51916e+05
 1.51916e+05
 1.51916e+05
 1.51916e+05
 1.51916e+05
 1.51916e+05
 1.51916e+05
 1.51916e+05
 1.51916e+05
 1.51916e+05
 1.51916e+05
 1.51916e+05
 1.51916e+05
 1.51916e+05
 1.51916e+05
 1.51916e+05
 1.51916e+05
 1.51916e+05
 1.51916e+05
 1.51916e+05
 1.51916e+05
 1.51916e+05
 1.51916e+05
 1.51916e+05
 1.51916e+05
 1.51916e+05
 1.51916e+05
 1.51916e+05
 1.51916e+05
 1.51916e+05
 1.51916e+05
 1.51916e+05
 1.51916e+05
 1.51916e+05
 1.51916e+05
 1.51916e+05
 1.51916e+05
 1.51916e+05
 1.51916e+05
 1.51916e+05
 1.51916e+05
 1.52927e+05
 1.52927e+05
 1.52927e+05
 1.52927e+05
 1.52927e+05
 1.52927e+05
 1.52927e+05
 1.52927e+05
 1.52927e+05
 1.52927e+05
 1.52927e+05
 1.52927e+05
 1.52927e+05
 1.52927e+05
 1.52927e+05
 1.52927e+05
 1.52927e+05
 1.52927e+05
 1.52927e+05
 1.52927e+05
 1.52927e+05
 1.52927e+05
 1.52927e+05
 1.52927e+05
 1.52927e+05
 1.52927e+05
 1.52927e+05
 1.52927e+05
 1.52927e+05
 1.52421e+05
 1.52927e+05
 1.52927e+05
 1.52927e+05
 1.52927e+05
 1.52927e+05
 1.52927e+05
 1.52927e+05
 1.52927e+05
 1.52927e+05
 1.52927e+05
 1.52421e+05
 1.52927e+05
 1.52927e+05
 1.52927e+05
 1.52927e+05
 1.52927e+05
 1.52927e+05
 1.52927e+05
 1.52927e+05
 1.52927e+05
 1.52927e+05
 1.52927e+05
 1.52927e+05
 1.52927e+05
 1.52927e+05
 1.52927e+05
 1.52927e+05
 1.52927e+05
 1.52927e+05
 1.52927e+05
 1.52927e+05
 1.52927e+05
 1.52421e+05
 1.52927e+05
 1.52927e+05
 1.52927e+05
 1.52927e+05
 1.52927e+05
 1.52927e+05
 1.52421e+05
 1.52421e+05
 1.52927e+05
 1.52927e+05
 1.52927e+05
 1.52421e+05
 1.52927e+05
 1.52927e+05
 1.52927e+05
 1.52927e+05
 1.52927e+05
 1.52927e+05
 1.52927e+05
 1.52674e+05
 1.52927e+05
 1.52927e+05
 1.52927e+05
 1.52927e+05
 1.52927e+05
 1.52927e+05
 1.52927e+05
 1.52927e+05
 1.52927e+05
 1.52927e+05
 1.52927e+05
 1.52927e+05
 1.52927e+05
 1.52927e+05
 1.52927e+05
 1.52927e+05
 1.52927e+05
 1.52927e+05
 1.52927e+05
 1.52927e+05
 1.52927e+05
 1.52927e+05
 1.52927e+05
 1.52927e+05
 1.52927e+05
 1.52927e+05
 1.52927e+05
 1.52927e+05
 1.52927e+05
 1.52927e+05
 1.51916e+05
 1.51916e+05
 1.51916e+05
 1.51916e+05
 1.51916e+05
 1.51916e+05
 1.51916e+05
 1.51916e+05
 1.51916e+05
 1.51916e+05
 1.51916e+05
 1.51916e+05
 1.51916e+05
 1.51916e+05
 1.51916e+05
 1.51916e+05
 1.51916e+05
 1.51916e+05
 1.51916e+05
 1.51916e+05
 1.51916e+05
 1.51916e+05
 1.51916e+05
 1.51916e+05
 1.51916e+05
 1.51916e+05
 1.51916e+05
 1.51916e+05
 1.51916e+05
 1.51916e+05
 1.51916e+05
 1.51916e+05
 1.51916e+05
 1.51916e+05
 1.51916e+05
 1.51916e+05
 1.51916e+05
 1.51916e+05
 1.51916e+05
 1.51916e+05
 1.51916e+05
 1.51916e+05
 1.51916e+05
 1.51916e+05
 1.51916e+05
 1.51916e+05
 1.51916e+05
 1.51916e+05
 1.51916e+05
 1.51916e+05
 1.51916e+05
 1.51916e+05
 1.51916e+05
 1.51916e+05
 1.51916e+05
 1.51916e+05
 1.51916e+05
 1.51916e+05
 1.51916e+05
 1.51916e+05
 1.51916e+05
 1.51916e+05
 1.51916e+05
 1.51916e+05
 1.51916e+05
 1.51916e+05
 1.51916e+05
 1.51916e+05
 1.51916e+05
 1.51916e+05
 1.51916e+05
 1.51916e+05
 1.51916e+05
 1.51916e+05
 1.51916e+05
 1.51916e+05
 1.51916e+05
 1.51916e+05
 1.51916e+05
 1.52494e+05
 1.51916e+05
 1.51916e+05
 1.51916e+05
 1.51916e+05
 1.51916e+05
 1.51916e+05
 1.51916e+05
 1.51916e+05
 1.51916e+05
 1.51916e+05
 1.51916e+05
 1.51916e+05
 1.51916e+05
 1.51916e+05
 1.51916e+05
 1.51916e+05
 1.51916e+05
 1.51916e+05
 1.51916e+05
 1.51916e+05
 1.51916e+05
 1.51916e+05
 1.51916e+05
 1.51916e+05
 1.51916e+05
 1.51916e+05
 1.51916e+05
 1.51916e+05
 1.48801e+05
 1.48801e+05
 1.48801e+05
 1.48801e+05
 1.48801e+05
 1.48801e+05
 1.48801e+05
 1.48801e+05
 1.48801e+05
 1.48801e+05
 1.48801e+05
 1.48801e+05
 1.48801e+05
 1.48801e+05
 1.48801e+05
 1.48801e+05
 1.48801e+05
 1.48801e+05
 1.48801e+05
 1.48801e+05
 1.48801e+05
 1.48801e+05
 1.50358e+05
 1.48801e+05
 1.48801e+05
 1.48801e+05
 1.48801e+05
 1.48801e+05
 1.48801e+05
 1.48801e+05
 1.48801e+05
 1.48801e+05
 1.48801e+05
 1.48801e+05
 1.48801e+05
 1.48801e+05
 1.48801e+05
 1.48801e+05
 1.48801e+05
 1.48801e+05
 1.48801e+05
 1.48801e+05
 1.48801e+05
 1.48801e+05
 1.48801e+05
 1.48801e+05
 1.48801e+05
 1.48801e+05
 1.48801e+05
 1.48801e+05
 1.48801e+05
 1.48801e+05
 1.48801e+05
 1.48801e+05
 1.48801e+05
 1.48801e+05
 1.48801e+05
 1.48801e+05
 1.48801e+05
 1.48801e+05
 1.48801e+05
 1.48801e+05
 1.48801e+05
 1.48801e+05
 1.48801e+05
 1.48801e+05
 1.48801e+05
 1.48801e+05
 1.48801e+05
 1.48801e+05
 1.48801e+05
 1.48801e+05
 1.48801e+05
 1.48801e+05
 1.48801e+05
 1.48801e+05
 1.48801e+05
 1.48801e+05
 1.48801e+05
 1.48801e+05
 1.48801e+05
 1.48801e+05
 1.48801e+05
 1.48801e+05
 1.48801e+05
 1.48801e+05
 1.48801e+05
 1.48801e+05
 1.48801e+05
 1.48801e+05
 1.48801e+05
 1.48801e+05
 1.48801e+05
 1.48801e+05
 1.48801e+05
 1.48801e+05
 1.48801e+05
 1.48801e+05
 1.48801e+05
 1.48801e+05
 1.48801e+05
 1.48801e+05
 1.48801e+05
 1.48801e+05
 1.48801e+05
 1.43330e+05
 1.43330e+05
 1.43330e+05
 1.43330e+05
 1.43330e+05
 1.43330e+05
 1.43330e+05
 1.43330e+05
 1.43330e+05
 1.43330e+05
 1.43330e+05
 1.43330e+05
 1.43330e+05
 1.43330e+05
 1.43330e+05
 1.43330e+05
 1.43330e+05
 1.43330e+05
 1.43330e+05
 1.43330e+05
 1.43330e+05
 1.43330e+05
 1.43330e+05
 1.43330e+05
 1.46066e+05
 1.43330e+05
 1.43330e+05
 1.43330e+05
 1.43330e+05
 1.43330e+05
 1.43330e+05
 1.43330e+05
 1.43330e+05
 1.43330e+05
 1.43330e+05
 1.43330e+05
 1.43330e+05
 1.43330e+05
 1.43330e+05
 1.43330e+05
 1.43330e+05
 1.43330e+05
 1.43330e+05
 1.43330e+05
 1.43330e+05
 1.43330e+05
 1.43330e+05
 1.43330e+05
 1.43330e+05
 1.43330e+05
 1.43330e+05
 1.43330e+05
 1.43330e+05
 1.43330e+05
 1.43330e+05
 1.43330e+05
 1.43330e+05
 1.43330e+05
 1.43330e+05
 1.43330e+05
 1.43330e+05
 1.43330e+05
 1.43330e+05
 1.43330e+05
 1.43330e+05
 1.43330e+05
 1.43330e+05
 1.43330e+05
 1.43330e+05
 1.43330e+05
 1.43330e+05
 1.43330e+05
 1.43330e+05
 1.43330e+05
 1.43330e+05
 1.43330e+05
 1.43330e+05
 1.43330e+05
 1.43330e+05
 1.43330e+05
 1.43330e+05
 1.45675e+05
 1.43330e+05
 1.43330e+05
 1.43330e+05
 1.43330e+05
 1.43330e+05
 1.43330e+05
 1.43330e+05
 1.43330e+05
 1.43330e+05
 1.43330e+05
 1.43330e+05
 1.43330e+05
 1.43330e+05
 1.43330e+05
 1.43330e+05
 1.43330e+05
 1.43330e+05
 1.43330e+05
 1.43330e+05
 1.43330e+05
 1.43330e+05
 1.43330e+05
 1.43330e+05
 1.43330e+05
 1.43330e+05
 1.43330e+05
 1.35049e+05
 1.35049e+05
 1.35049e+05
 1.35049e+05
 1.35049e+05
 1.35049e+05
 1.35049e+05
 1.35049e+05
 1.35049e+05
 1.35049e+05
 1.35049e+05
 1.35049e+05
 1.35049e+05
 1.35049e+05
 1.35049e+05
 1.35049e+05
 1.35049e+05
 1.35049e+05
 1.35049e+05
 1.35049e+05
 1.35049e+05
 1.35049e+05
 1.35049e+05
 1.35049e+05
 1.35049e+05
 1.35049e+05
 1.35049e+05
 1.35049e+05
 1.35049e+05
 1.35049e+05
 1.35049e+05
 1.35049e+05
 1.35049e+05
 1.35049e+05
 1.35049e+05
 1.35049e+05
 1.35049e+05
 1.35049e+05
 1.35049e+05
 1.35049e+05
 1.35049e+05
 1.35049e+05
 1.35049e+05
 1.35049e+05
 1.35049e+05
 1.35049e+05
 1.35049e+05
 1.35049e+05
 1.35049e+05
 1.35049e+05
 1.35049e+05
 1.35049e+05
 1.35049e+05
 1.35049e+05
 1.35049e+05
 1.35049e+05
 1.35049e+05
 1.35049e+05
 1.35049e+05
 1.35049e+05
 1.35049e+05
 1.35049e+05
 1.35049e+05
 1.35049e+05
 1.35049e+05
 1.35049e+05
 1.35049e+05
 1.35049e+05
 1.35049e+05
 1.35049e+05
 1.35049e+05
 1.35049e+05
 1.35049e+05
 1.35049e+05
 1.35049e+05
 1.41260e+05
 1.35049e+05
 1.35049e+05
 1.35049e+05
 1.35049e+05
 1.35049e+05
 1.35049e+05
 1.35049e+05
 1.35049e+05
 1.35049e+05
 1.35049e+05
 1.35049e+05
 1.35049e+05
 1.35049e+05
 1.35049e+05
 1.35049e+05
 1.35049e+05
 1.35049e+05
 1.35049e+05
 1.35049e+05
 1.35049e+05
 1.35049e+05
 1.35049e+05
 1.35049e+05
 1.35049e+05
 1.35049e+05
 1.35049e+05
 1.35049e+05
 1.35049e+05
 1.35049e+05
 1.35049e+05
 1.35049e+05
 1.35049e+05
 1.35049e+05
 3.85203e+05
 3.85203e+05
 3.85203e+05
 3.85203e+05
 3.85203e+05
 3.85203e+05
 3.85203e+05
 3.85203e+05
 3.85203e+05
 3.85203e+05
 3.85203e+05
 3.85203e+05
 3.85203e+05
 3.85203e+05
 3.85203e+05
 3.85203e+05
 3.85203e+05
 3.85203e+05
 3.85203e+05
 3.85203e+05
 3.85203e+05
 3.85203e+05
 3.85203e+05
 3.85203e+05
 3.85203e+05
 3.85203e+05
 3.85203e+05
 3.85203e+05
 3.85203e+05
 3.85203e+05
 3.85203e+05
 3.85203e+05
 3.85203e+05
 3.85203e+05
 3.85203e+05
 3.85203e+05
 3.85203e+05
 3.85203e+05
 2.60126e+05
 3.85203e+05
 3.85203e+05
 3.85203e+05
 3.85203e+05
 3.85203e+05
 3.85203e+05
 3.85203e+05
 3.85203e+05
 3.85203e+05
 3.85203e+05
 3.85203e+05
 3.85203e+05
 3.85203e+05
 3.85203e+05
 3.85203e+05
 3.85203e+05
 3.85203e+05
 3.85203e+05
 3.85203e+05
 3.85203e+05
 3.85203e+05
 3.85203e+05
 3.85203e+05
 3.85203e+05
 3.85203e+05
 3.85203e+05
 2.60126e+05
 3.85203e+05
 3.85203e+05
 3.85203e+05
 3.85203e+05
 3.85203e+05
 3.85203e+05
 3.85203e+05
 3.22664e+05
 3.85203e+05
 3.85203e+05
 3.85203e+05
 3.85203e+05
 3.85203e+05
 3.85203e+05
 3.85203e+05
 3.85203e+05
 3.85203e+05
 3.85203e+05
 3.85203e+05
 3.85203e+05
 3.85203e+05
 3.85203e+05
 3.85203e+05
 3.85203e+05
 3.85203e+05
 3.85203e+05
 3.85203e+05
 3.85203e+05
 3.85203e+05
 3.85203e+05
 3.85203e+05
 3.85203e+05
 3.85203e+05
 3.85203e+05
 3.85203e+05
 3.85203e+05
 3.85203e+05
 3.85203e+05
 3.85203e+05
 3.85203e+05
 3.85203e+05
 3.20136e+05
 0.00000e+00
 0.00000e+00
 0.00000e+00
 0.00000e+00
 0.00000e+00
 0.00000e+00
 0.00000e+00
 0.00000e+00
 0.00000e+00
 0.00000e+00
 0.00000e+00
 0.00000e+00
 0.00000e+00
 0.00000e+00
 0.00000e+00
 0.00000e+00
 0.00000e+00
 0.00000e+00
 0.00000e+00
 0.00000e+00
 0.00000e+00
 0.00000e+00
 0.00000e+00
 0.00000e+00
 0.00000e+00
 3.79839e-26
 1.64255e-25
 0.00000e+00
 0.00000e+00
 0.00000e+00
 0.00000e+00
 0.00000e+00
 0.00000e+00
 0.00000e+00
 0.00000e+00
 7.06298e-25
 0.00000e+00
 0.00000e+00
 1.92601e+05
-1.26271e-25
 0.00000e+00
 0.00000e+00
 0.00000e+00
 0.00000e+00
 0.00000e+00
 0.00000e+00
 0.00000e+00
 0.00000e+00
 0.00000e+00
 0.00000e+00
 0.00000e+00
 0.00000e+00
 0.00000e+00
 0.00000e+00
 0.00000e+00
 0.00000e+00
 0.00000e+00
 0.00000e+00
 0.00000e+00
 0.00000e+00
 0.00000e+00
 0.00000e+00
 0.00000e+00
 0.00000e+00
 0.00000e+00
 0.00000e+00
 4.41436e-26
 0.00000e+00
 1.92601e+05
 1.39360e-24
-1.37461e-24
 0.00000e+00
 0.00000e+00
 0.00000e+00
 0.00000e+00
 0.00000e+00
 0.00000e+00
 0.00000e+00
 0.00000e+00
 0.00000e+00
 0.00000e+00
 0.00000e+00
 0.00000e+00
 1.43159e-24
 0.00000e+00
 0.00000e+00
 0.00000e+00
 0.00000e+00
 6.55995e-25
 0.00000e+00
 3.20136e+05
 0.00000e+00
 0.00000e+00
 0.00000e+00
 0.00000e+00
 0.00000e+00
 0.00000e+00
 0.00000e+00
 0.00000e+00
 0.00000e+00
 0.00000e+00
 0.00000e+00
 0.00000e+00
 0.00000e+00
 0.00000e+00
 0.00000e+00
 0.00000e+00
