scalar
part
         1
coordinates
 3.40194e+05
 3.40209e+05
 3.40209e+05
 0.00000e+00
 3.40209e+05
 0.00000e+00
 3.40209e+05
 0.00000e+00
 3.40209e+05
 0.00000e+00
 3.40209e+05
 0.00000e+00
 3.40209e+05
 0.00000e+00
 3.40209e+05
 0.00000e+00
 3.77708e-11
 3.40209e+05
 0.00000e+00
 3.40209e+05
 0.00000e+00
 3.40209e+05
 0.00000e+00
 3.40209e+05
 0.00000e+00
 3.40209e+05
 3.40209e+05
 0.00000e+00
 3.40209e+05
 3.77708e-11
 3.40209e+05
-7.55416e-11
 3.40209e+05
-7.55416e-11
 3.40209e+05
-7.55416e-11
 0.00000e+00
 3.40209e+05
 3.77708e-11
 3.40209e+05
 0.00000e+00
 3.40209e+05
 0.00000e+00
 3.40209e+05
 0.00000e+00
 3.40209e+05
 0.00000e+00
 3.40209e+05
 0.00000e+00
 3.40209e+05
 0.00000e+00
 3.40209e+05
 0.00000e+00
 3.40209e+05
 0.00000e+00
 3.40209e+05
-7.55416e-11
 3.40209e+05
-7.55416e-11
 3.40209e+05
 0.00000e+00
 3.40209e+05
-7.55416e-11
 3.40209e+05
 3.40209e+05
 0.00000e+00
 0.00000e+00
 3.40209e+05
 0.00000e+00
 3.40209e+05
 0.00000e+00
 3.40209e+05
 0.00000e+00
 3.40209e+05
 0.00000e+00
 3.40209e+05
 0.00000e+00
 3.40209e+05
 3.77383e-25
 3.40209e+05
 3.40209e+05
 0.00000e+00
-6.28972e-25
 3.40209e+05
-1.88854e-10
 3.40209e+05
 3.40209e+05
 0.00000e+00
 3.40209e+05
 3.40209e+05
 0.00000e+00
 3.40209e+05
-7.55416e-11
 3.40209e+05
 0.00000e+00
 3.40209e+05
 0.00000e+00
 3.40209e+05
 0.00000e+00
 3.40209e+05
 0.00000e+00
 3.40209e+05
 0.00000e+00
 3.40209e+05
 0.00000e+00
 3.40209e+05
 0.00000e+00
 3.40209e+05
 3.40194e+05
 3.09988e+01
 3.09988e+01
 3.09988e+01
 3.09988e+01
 3.09988e+01
 3.09988e+01
 3.09988e+01
 3.09988e+01
 3.09988e+01
 3.09988e+01
 3.09988e+01
 3.09988e+01
 3.09988e+01
 3.09988e+01
 3.09988e+01
 3.09988e+01
 3.09988e+01
 3.09988e+01
 3.09988e+01
 3.09988e+01
 3.09988e+01
 3.09988e+01
 3.09988e+01
 3.09988e+01
 3.09988e+01
 3.09988e+01
 3.09988e+01
 3.09988e+01
 3.09988e+01
 3.09988e+01
 3.09988e+01
 3.09988e+01
 3.09988e+01
 3.09988e+01
 3.09988e+01
 3.09988e+01
 3.09988e+01
 3.09988e+01
 3.09988e+01
 3.09988e+01
 3.09988e+01
 3.09988e+01
 3.09988e+01
 3.09988e+01
 3.09988e+01
 3.09988e+01
 3.09988e+01
 3.09988e+01
 3.09988e+01
 3.09988e+01
 3.09988e+01
 3.09988e+01
 3.09988e+01
 3.09988e+01
 3.09990e+01
 3.09990e+01
 3.09990e+01
 3.09990e+01
 3.09990e+01
 3.09990e+01
 3.09990e+01
 3.09990e+01
 3.09990e+01
 3.09990e+01
 3.09990e+01
 3.09990e+01
 3.09990e+01
 3.09990e+01
 3.09990e+01
 3.09990e+01
 3.09990e+01
 3.09990e+01
 3.09990e+01
 3.09990e+01
 3.09990e+01
 3.09990e+01
 3.09990e+01
 3.09990e+01
 3.09990e+01
 3.09990e+01
 3.09990e+01
 3.09990e+01
 3.09990e+01
 3.09990e+01
 3.09990e+01
 3.09990e+01
 3.09990e+01
 3.09990e+01
 3.09990e+01
 3.09990e+01
 3.09990e+01
 3.09990e+01
 3.09990e+01
 3.09990e+01
 3.09990e+01
 3.09990e+01
 3.09990e+01
 3.09990e+01
 3.09990e+01
 3.09990e+01
 3.09990e+01
 3.09990e+01
 3.09990e+01
 3.09990e+01
 3.09990e+01
 3.09990e+01
 3.09990e+01
 3.09990e+01
 3.09988e+01
 3.09988e+01
 3.09988e+01
 3.09988e+01
 3.09988e+01
 3.09988e+01
 3.09988e+01
 3.09988e+01
 3.09988e+01
 3.09988e+01
 3.09988e+01
 3.09988e+01
 3.09988e+01
 3.09988e+01
 3.09988e+01
 3.09988e+01
 3.09988e+01
 3.09988e+01
 3.09988e+01
 3.09988e+01
 3.09988e+01
 3.09988e+01
 3.09988e+01
 3.09988e+01
 3.09988e+01
 3.09988e+01
 3.09988e+01
 3.09988e+01
 3.09988e+01
 3.09988e+01
 3.09988e+01
 3.09988e+01
 3.09988e+01
 3.09988e+01
 3.09988e+01
 3.09988e+01
 3.09988e+01
 3.09988e+01
 3.09988e+01
 3.09988e+01
 3.09988e+01
 3.09988e+01
 3.09988e+01
 3.09988e+01
 3.09988e+01
 3.09988e+01
 3.09988e+01
 3.09988e+01
 3.09988e+01
 3.09988e+01
 3.09988e+01
 3.09988e+01
 3.40209e+05
 3.40209e+05
 3.40209e+05
 3.40209e+05
 3.40209e+05
 3.40209e+05
 3.40209e+05
 3.40209e+05
 3.40209e+05
 3.40209e+05
 3.40209e+05
 3.40209e+05
 3.40209e+05
 3.40209e+05
 3.40209e+05
 3.40209e+05
 3.40209e+05
 3.40209e+05
 3.40209e+05
 3.40209e+05
 3.40209e+05
 3.40209e+05
 3.40209e+05
 3.40209e+05
 3.40209e+05
 3.40209e+05
 3.40209e+05
 3.40209e+05
 3.40209e+05
 3.40209e+05
 3.40209e+05
 3.40209e+05
 3.40209e+05
 3.40209e+05
 3.40209e+05
 3.40209e+05
 3.40209e+05
 3.40209e+05
 3.40209e+05
 3.40209e+05
 3.40209e+05
 3.40209e+05
 3.40209e+05
 3.40209e+05
 3.40209e+05
 3.40209e+05
 3.40209e+05
 3.40209e+05
 3.40209e+05
 3.40209e+05
 3.40209e+05
 3.40209e+05
 3.40209e+05
 3.40209e+05
 3.40194e+05
 0.00000e+00
 0.00000e+00
 0.00000e+00
 0.00000e+00
 0.00000e+00
 0.00000e+00
 0.00000e+00
 0.00000e+00
 0.00000e+00
 0.00000e+00
 0.00000e+00
 0.00000e+00
 0.00000e+00
 0.00000e+00
 0.00000e+00
 0.00000e+00
 0.00000e+00
 5.03177e-26
 0.00000e+00
 0.00000e+00
 0.00000e+00
 0.00000e+00
 0.00000e+00
 0.00000e+00
 0.00000e+00
 0.00000e+00
 0.00000e+00
 0.00000e+00
 0.00000e+00
 0.00000e+00
 0.00000e+00
 0.00000e+00
 8.38680e-27
 0.00000e+00
 0.00000e+00
 0.00000e+00
 0.00000e+00
 0.00000e+00
 0.00000e+00
 3.77383e-25
-6.28972e-25
 0.00000e+00
-3.01906e-25
 0.00000e+00
 0.00000e+00
 0.00000e+00
 0.00000e+00
 0.00000e+00
 0.00000e+00
 0.00000e+00
 0.00000e+00
 0.00000e+00
 3.40194e+05
