scalar
part
         1
coordinates
 1.92086e+05
 2.64315e+05
 2.64315e+05
 0.00000e+00
 2.64315e+05
 0.00000e+00
 2.64315e+05
 0.00000e+00
 2.64315e+05
 0.00000e+00
 2.64315e+05
 0.00000e+00
 2.64315e+05
 0.00000e+00
 2.64315e+05
 0.00000e+00
 2.93449e-11
 2.64315e+05
 0.00000e+00
 2.64315e+05
 0.00000e+00
 2.64315e+05
 0.00000e+00
 2.64315e+05
 0.00000e+00
 2.64315e+05
 2.64315e+05
 0.00000e+00
 2.64315e+05
 2.93449e-11
 2.64315e+05
-5.86898e-11
 2.64315e+05
-5.86898e-11
 2.64315e+05
-5.86898e-11
 0.00000e+00
 2.64315e+05
 2.93449e-11
 2.64315e+05
 0.00000e+00
 2.64315e+05
 0.00000e+00
 2.64315e+05
 0.00000e+00
 2.64315e+05
 0.00000e+00
 2.64315e+05
 0.00000e+00
 2.64315e+05
 0.00000e+00
 2.64315e+05
 0.00000e+00
 2.64315e+05
 0.00000e+00
 2.64315e+05
-5.86898e-11
 2.64315e+05
-5.86898e-11
 2.64315e+05
 0.00000e+00
 2.64315e+05
-5.86898e-11
 2.64315e+05
 2.64315e+05
 0.00000e+00
 0.00000e+00
 2.64315e+05
 0.00000e+00
 2.64315e+05
 0.00000e+00
 2.64315e+05
 0.00000e+00
 2.64315e+05
 0.00000e+00
 2.64315e+05
 0.00000e+00
 2.64315e+05
 1.86379e-25
 2.64315e+05
 2.64315e+05
 0.00000e+00
-3.10632e-25
 2.64315e+05
-1.46725e-10
 2.64315e+05
 2.64315e+05
 0.00000e+00
 2.64315e+05
 2.64315e+05
 0.00000e+00
 2.64315e+05
-5.86898e-11
 2.64315e+05
 0.00000e+00
 2.64315e+05
 0.00000e+00
 2.64315e+05
 0.00000e+00
 2.64315e+05
 0.00000e+00
 2.64315e+05
 0.00000e+00
 2.64315e+05
 0.00000e+00
 2.64315e+05
 0.00000e+00
 2.64315e+05
 1.92086e+05
 1.48138e+05
 1.48138e+05
 1.48138e+05
 1.48138e+05
 1.48138e+05
 1.48138e+05
 1.48138e+05
 1.48138e+05
 1.48138e+05
 1.48138e+05
 1.48138e+05
 1.48138e+05
 1.48138e+05
 1.48138e+05
 1.48138e+05
 1.48138e+05
 1.48138e+05
 1.48138e+05
 1.48138e+05
 1.48138e+05
 1.48138e+05
 1.48138e+05
 1.48138e+05
 1.48138e+05
 1.48138e+05
 1.48138e+05
 1.48138e+05
 1.48138e+05
 1.48138e+05
 1.48138e+05
 1.48138e+05
 1.48138e+05
 1.48138e+05
 1.48138e+05
 1.48138e+05
 1.48138e+05
 1.48138e+05
 1.48138e+05
 1.48138e+05
 1.48138e+05
 1.48138e+05
 1.48138e+05
 1.48138e+05
 1.48138e+05
 1.48138e+05
 1.48138e+05
 1.48138e+05
 1.48138e+05
 1.48138e+05
 1.48138e+05
 1.48138e+05
 1.48138e+05
 1.48138e+05
 1.48138e+05
 1.51818e+05
 1.51818e+05
 1.51818e+05
 1.51818e+05
 1.51818e+05
 1.51818e+05
 1.51818e+05
 1.51818e+05
 1.51818e+05
 1.51818e+05
 1.51818e+05
 1.51818e+05
 1.51818e+05
 1.51818e+05
 1.51818e+05
 1.51818e+05
 1.51818e+05
 1.51818e+05
 1.51818e+05
 1.51818e+05
 1.51818e+05
 1.51818e+05
 1.51818e+05
 1.51818e+05
 1.51818e+05
 1.51818e+05
 1.51818e+05
 1.51818e+05
 1.51818e+05
 1.51818e+05
 1.51818e+05
 1.51818e+05
 1.51818e+05
 1.51818e+05
 1.51818e+05
 1.51818e+05
 1.51818e+05
 1.51818e+05
 1.51818e+05
 1.51818e+05
 1.51818e+05
 1.51818e+05
 1.51818e+05
 1.51818e+05
 1.51818e+05
 1.51818e+05
 1.51818e+05
 1.51818e+05
 1.51818e+05
 1.51818e+05
 1.51818e+05
 1.51818e+05
 1.51818e+05
 1.51818e+05
 1.48138e+05
 1.48138e+05
 1.48138e+05
 1.48138e+05
 1.48138e+05
 1.48138e+05
 1.48138e+05
 1.48138e+05
 1.48138e+05
 1.48138e+05
 1.48138e+05
 1.48138e+05
 1.48138e+05
 1.48138e+05
 1.48138e+05
 1.48138e+05
 1.48138e+05
 1.48138e+05
 1.48138e+05
 1.48138e+05
 1.48138e+05
 1.48138e+05
 1.48138e+05
 1.48138e+05
 1.48138e+05
 1.48138e+05
 1.48138e+05
 1.48138e+05
 1.48138e+05
 1.48138e+05
 1.48138e+05
 1.48138e+05
 1.48138e+05
 1.48138e+05
 1.48138e+05
 1.48138e+05
 1.48138e+05
 1.48138e+05
 1.48138e+05
 1.48138e+05
 1.48138e+05
 1.48138e+05
 1.48138e+05
 1.48138e+05
 1.48138e+05
 1.48138e+05
 1.48138e+05
 1.48138e+05
 1.48138e+05
 1.48138e+05
 1.48138e+05
 1.48138e+05
 2.64315e+05
 2.64315e+05
 2.64315e+05
 2.64315e+05
 2.64315e+05
 2.64315e+05
 2.64315e+05
 2.64315e+05
 2.64315e+05
 2.64315e+05
 2.64315e+05
 2.64315e+05
 2.64315e+05
 2.64315e+05
 2.64315e+05
 2.64315e+05
 2.64315e+05
 2.64315e+05
 2.64315e+05
 2.64315e+05
 2.64315e+05
 2.64315e+05
 2.64315e+05
 2.64315e+05
 2.64315e+05
 2.64315e+05
 2.64315e+05
 2.64315e+05
 2.64315e+05
 2.64315e+05
 2.64315e+05
 2.64315e+05
 2.64315e+05
 2.64315e+05
 2.64315e+05
 2.64315e+05
 2.64315e+05
 2.64315e+05
 2.64315e+05
 2.64315e+05
 2.64315e+05
 2.64315e+05
 2.64315e+05
 2.64315e+05
 2.64315e+05
 2.64315e+05
 2.64315e+05
 2.64315e+05
 2.64315e+05
 2.64315e+05
 2.64315e+05
 2.64315e+05
 2.64315e+05
 2.64315e+05
 1.92086e+05
 0.00000e+00
 0.00000e+00
 0.00000e+00
 0.00000e+00
 0.00000e+00
 0.00000e+00
 0.00000e+00
 0.00000e+00
 0.00000e+00
 0.00000e+00
 0.00000e+00
 0.00000e+00
 0.00000e+00
 0.00000e+00
 0.00000e+00
 0.00000e+00
 0.00000e+00
 2.48505e-26
 0.00000e+00
 0.00000e+00
 0.00000e+00
 0.00000e+00
 0.00000e+00
 0.00000e+00
 0.00000e+00
 0.00000e+00
 0.00000e+00
 0.00000e+00
 0.00000e+00
 0.00000e+00
 0.00000e+00
 0.00000e+00
 6.51588e-27
 0.00000e+00
 0.00000e+00
 0.00000e+00
 0.00000e+00
 0.00000e+00
 0.00000e+00
 1.86379e-25
-3.10632e-25
 0.00000e+00
-1.49103e-25
 0.00000e+00
 0.00000e+00
 0.00000e+00
 0.00000e+00
 0.00000e+00
 0.00000e+00
 0.00000e+00
 0.00000e+00
 0.00000e+00
 1.92086e+05
