scalar
part
         1
coordinates
 6.50825e+05
 6.56705e+05
 6.56705e+05
 0.00000e+00
 6.56705e+05
 0.00000e+00
 6.56705e+05
 0.00000e+00
 6.56705e+05
 0.00000e+00
 6.56705e+05
 0.00000e+00
 6.56705e+05
 0.00000e+00
 1.45818e-10
 6.56705e+05
 0.00000e+00
 6.56705e+05
 0.00000e+00
 6.56705e+05
 0.00000e+00
 6.56705e+05
 0.00000e+00
 6.56705e+05
 0.00000e+00
 6.56705e+05
 0.00000e+00
 6.56705e+05
 0.00000e+00
 6.56705e+05
 0.00000e+00
 6.56705e+05
 0.00000e+00
 6.56705e+05
 0.00000e+00
 6.56705e+05
 0.00000e+00
 6.56705e+05
 0.00000e+00
 6.56705e+05
 0.00000e+00
 0.00000e+00
 6.56705e+05
 0.00000e+00
 6.56705e+05
 0.00000e+00
 6.56705e+05
 0.00000e+00
 6.56705e+05
 0.00000e+00
 6.56705e+05
 6.47561e-26
 2.56705e-25
 6.56705e+05
 6.56705e+05
 0.00000e+00
 6.56705e+05
 7.29089e-11
 6.56705e+05
 0.00000e+00
 6.56705e+05
 0.00000e+00
 6.56705e+05
-1.45818e-10
 6.56705e+05
 0.00000e+00
 6.56705e+05
 6.56705e+05
 0.00000e+00
 1.72754e-24
 6.56705e+05
 3.28353e+05
 1.45818e-10
 0.00000e+00
 6.56705e+05
 6.56705e+05
 2.18727e-10
 6.56705e+05
 0.00000e+00
 6.56705e+05
 0.00000e+00
 6.56705e+05
 0.00000e+00
 6.56705e+05
 0.00000e+00
 6.56705e+05
 0.00000e+00
 6.56705e+05
 0.00000e+00
 6.56705e+05
 0.00000e+00
 6.56705e+05
 0.00000e+00
 6.56705e+05
-1.45818e-10
 6.56705e+05
 0.00000e+00
 6.56705e+05
 0.00000e+00
 6.56705e+05
 2.18727e-10
 6.56705e+05
 0.00000e+00
 6.56705e+05
 0.00000e+00
 6.56705e+05
 2.18902e+05
 0.00000e+00
 6.56705e+05
 6.56705e+05
-1.45818e-10
 6.56705e+05
 0.00000e+00
 6.56705e+05
 0.00000e+00
 3.28353e+05
-1.45818e-10
 6.56705e+05
 0.00000e+00
 7.29089e-11
 6.56705e+05
 0.00000e+00
 6.56705e+05
 0.00000e+00
 6.56705e+05
 0.00000e+00
 6.56705e+05
 0.00000e+00
 6.56705e+05
 6.56705e+05
 3.28353e+05
 6.56705e+05
 0.00000e+00
-3.23781e-26
 6.56705e+05
 3.13478e-24
-3.03880e-24
 3.28353e+05
-1.45818e-10
 6.56705e+05
 6.56705e+05
 0.00000e+00
 6.56705e+05
 3.28353e+05
-1.45818e-10
 6.56705e+05
 0.00000e+00
 6.56705e+05
 0.00000e+00
 1.64176e+05
-1.45818e-10
 6.56705e+05
 6.56705e+05
 0.00000e+00
 6.56705e+05
 0.00000e+00
 6.56705e+05
 0.00000e+00
 2.81445e+05
 0.00000e+00
 2.81445e+05
 0.00000e+00
 6.56705e+05
 6.56705e+05
 0.00000e+00
 6.56705e+05
 2.97521e-24
 6.56705e+05
 6.56705e+05
 0.00000e+00
 0.00000e+00
 6.56705e+05
 0.00000e+00
 6.56705e+05
 0.00000e+00
 6.56705e+05
-7.29089e-10
 0.00000e+00
 6.56705e+05
 6.56705e+05
 6.50825e+05
 6.56705e+05
 6.56705e+05
 6.56705e+05
 0.00000e+00
 6.56705e+05
-1.45818e-10
 6.56705e+05
 0.00000e+00
 6.56705e+05
 0.00000e+00
 6.56705e+05
 6.56705e+05
 0.00000e+00
 6.56705e+05
 0.00000e+00
 6.56705e+05
 6.56705e+05
 0.00000e+00
 6.56705e+05
 6.56705e+05
 6.56705e+05
 6.56705e+05
 0.00000e+00
 6.56705e+05
-1.45818e-10
-1.45818e-10
 6.56705e+05
 0.00000e+00
 6.56705e+05
 0.00000e+00
 6.56705e+05
 6.56705e+05
 6.56705e+05
 6.56705e+05
 6.56705e+05
 6.56705e+05
 0.00000e+00
 6.56705e+05
-1.45818e-10
 6.56705e+05
 0.00000e+00
 6.56705e+05
 0.00000e+00
 6.56705e+05
-1.45818e-10
 6.56705e+05
 0.00000e+00
 1.17906e+04
 1.17906e+04
 1.17906e+04
 1.17906e+04
 1.17906e+04
 1.17906e+04
 1.17906e+04
 1.17906e+04
 1.17906e+04
 1.17906e+04
 1.17906e+04
 1.17906e+04
 1.17906e+04
 1.17906e+04
 1.17906e+04
 1.17906e+04
 1.17906e+04
 1.17906e+04
 1.17906e+04
 1.17906e+04
 1.17906e+04
 3.34248e+05
 1.17906e+04
 1.17906e+04
 1.17906e+04
 1.17906e+04
 1.17906e+04
 1.17906e+04
 1.17906e+04
 3.34248e+05
 1.17906e+04
 1.17906e+04
 1.17906e+04
 3.34248e+05
 1.17906e+04
 1.17906e+04
 1.17906e+04
 1.17906e+04
 1.17906e+04
 1.17906e+04
 1.17906e+04
 1.17906e+04
 1.17906e+04
 1.17906e+04
 1.17906e+04
 1.17906e+04
 1.17906e+04
 1.17906e+04
 1.17906e+04
 1.17906e+04
 1.17906e+04
 1.17906e+04
 1.17906e+04
 1.17906e+04
 1.17906e+04
 1.17906e+04
 2.26762e+05
 1.17906e+04
 1.17906e+04
 1.17906e+04
 1.17906e+04
 3.34248e+05
 1.17906e+04
 1.17906e+04
 3.34248e+05
 1.17906e+04
 1.17906e+04
 4.41734e+05
 1.17906e+04
 3.34248e+05
 3.34248e+05
 1.17906e+04
 1.17906e+04
 3.34248e+05
 1.17906e+04
 1.17906e+04
 3.34248e+05
 1.17906e+04
 1.17906e+04
 1.17906e+04
 1.73019e+05
 1.17906e+04
 1.17906e+04
 1.17906e+04
 1.17906e+04
 2.88182e+05
 1.17906e+04
 2.88182e+05
 1.17906e+04
 1.17906e+04
 1.17906e+04
 1.17906e+04
 1.17906e+04
 1.17906e+04
 1.17906e+04
 1.17906e+04
 1.17906e+04
 1.17906e+04
 1.17906e+04
 1.17906e+04
 1.17906e+04
 1.17906e+04
 1.17906e+04
 1.17906e+04
 1.17906e+04
 1.17906e+04
 1.17906e+04
 1.17906e+04
 1.17906e+04
 1.17906e+04
 1.17906e+04
 1.17906e+04
 1.17906e+04
 1.17906e+04
 1.17906e+04
 1.17906e+04
 1.17906e+04
 1.17906e+04
 1.17906e+04
 1.18424e+04
 1.18424e+04
 1.18424e+04
 1.18424e+04
 1.18424e+04
 1.18424e+04
 1.18424e+04
 1.18424e+04
 1.18424e+04
 1.18424e+04
 1.18424e+04
 1.18424e+04
 1.18424e+04
 1.18424e+04
 1.18424e+04
 1.18424e+04
 1.18424e+04
 1.18424e+04
 1.18424e+04
 1.18424e+04
 1.18424e+04
 1.18424e+04
 1.18424e+04
 1.18424e+04
 1.18165e+04
 1.18424e+04
 1.18424e+04
 1.18424e+04
 1.18424e+04
 1.18424e+04
 1.18424e+04
 1.18424e+04
 1.18424e+04
 1.18424e+04
 1.18424e+04
 1.18424e+04
 1.18424e+04
 1.18424e+04
 1.18424e+04
 1.18424e+04
 1.18424e+04
 1.18424e+04
 1.18424e+04
 1.18424e+04
 1.18424e+04
 1.18424e+04
 1.18424e+04
 1.18424e+04
 1.18424e+04
 1.18424e+04
 1.18424e+04
 1.18424e+04
 1.18424e+04
 1.18424e+04
 1.18424e+04
 1.18424e+04
 1.18424e+04
 1.18424e+04
 1.18424e+04
 1.18424e+04
 1.18424e+04
 1.18424e+04
 1.18424e+04
 1.18424e+04
 1.18424e+04
 1.18424e+04
 1.18424e+04
 1.18424e+04
 1.18165e+04
 1.18424e+04
 1.18424e+04
 1.18424e+04
 1.18424e+04
 1.18424e+04
 1.18424e+04
 1.18424e+04
 1.18424e+04
 1.18424e+04
 1.18424e+04
 1.18424e+04
 1.18424e+04
 1.18424e+04
 1.18424e+04
 1.18424e+04
 1.18424e+04
 1.18424e+04
 1.18424e+04
 1.18424e+04
 1.18424e+04
 1.18424e+04
 1.18424e+04
 1.18424e+04
 1.18424e+04
 1.18424e+04
 1.18424e+04
 1.18424e+04
 1.18424e+04
 1.18424e+04
 1.18424e+04
 1.18424e+04
 1.18424e+04
 1.18424e+04
 1.18424e+04
 1.18424e+04
 1.18424e+04
 1.18424e+04
 1.18424e+04
 1.18424e+04
 1.18794e+04
 1.18794e+04
 1.18794e+04
 1.18794e+04
 1.18794e+04
 1.18794e+04
 1.18794e+04
 1.18794e+04
 1.18794e+04
 1.18794e+04
 1.18794e+04
 1.18794e+04
 1.18794e+04
 1.18794e+04
 1.18794e+04
 1.18794e+04
 1.18794e+04
 1.18794e+04
 1.18794e+04
 1.18794e+04
 1.18609e+04
 1.18794e+04
 1.18794e+04
 1.18794e+04
 1.18794e+04
 1.18794e+04
 1.18794e+04
 1.18794e+04
 1.18794e+04
 1.18794e+04
 1.18609e+04
 1.18794e+04
 1.18794e+04
 1.18794e+04
 1.18794e+04
 1.18794e+04
 1.18794e+04
 1.18794e+04
 1.18794e+04
 1.18794e+04
 1.18794e+04
 1.18794e+04
 1.18794e+04
 1.18794e+04
 1.18794e+04
 1.18794e+04
 1.18794e+04
 1.18794e+04
 1.18794e+04
 1.18794e+04
 1.18794e+04
 1.18794e+04
 1.18794e+04
 1.18794e+04
 1.18794e+04
 1.18609e+04
 1.18794e+04
 1.18794e+04
 1.18794e+04
 1.18794e+04
 1.18609e+04
 1.18794e+04
 1.18794e+04
 1.18794e+04
 1.18794e+04
 1.18794e+04
 1.18794e+04
 1.18516e+04
 1.18794e+04
 1.18794e+04
 1.18794e+04
 1.18794e+04
 1.18794e+04
 1.18794e+04
 1.18794e+04
 1.18794e+04
 1.18794e+04
 1.18794e+04
 1.18794e+04
 1.18794e+04
 1.18794e+04
 1.18794e+04
 1.18794e+04
 1.18794e+04
 1.18794e+04
 1.18794e+04
 1.18794e+04
 1.18794e+04
 1.18794e+04
 1.18794e+04
 1.18794e+04
 1.18794e+04
 1.18794e+04
 1.18794e+04
 1.18794e+04
 1.18794e+04
 1.18794e+04
 1.18794e+04
 1.18794e+04
 1.18794e+04
 1.18794e+04
 1.18794e+04
 1.18794e+04
 1.18794e+04
 1.18794e+04
 1.18794e+04
 1.18794e+04
 1.18794e+04
 1.18794e+04
 1.19016e+04
 1.19016e+04
 1.19016e+04
 1.19016e+04
 1.19016e+04
 1.19016e+04
 1.19016e+04
 1.19016e+04
 1.19016e+04
 1.19016e+04
 1.19016e+04
 1.19016e+04
 1.19016e+04
 1.19016e+04
 1.19016e+04
 1.19016e+04
 1.19016e+04
 1.19016e+04
 1.18905e+04
 1.19016e+04
 1.19016e+04
 1.19016e+04
 1.19016e+04
 1.19016e+04
 1.19016e+04
 1.19016e+04
 1.19016e+04
 1.19016e+04
 1.19016e+04
 1.19016e+04
 1.18905e+04
 1.19016e+04
 1.19016e+04
 1.19016e+04
 1.19016e+04
 1.19016e+04
 1.19016e+04
 1.19016e+04
 1.19016e+04
 1.19016e+04
 1.19016e+04
 1.19016e+04
 1.19016e+04
 1.19016e+04
 1.19016e+04
 1.19016e+04
 1.19016e+04
 1.19016e+04
 1.19016e+04
 1.19016e+04
 1.19016e+04
 1.19016e+04
 1.19016e+04
 1.19016e+04
 1.19016e+04
 1.19016e+04
 1.19016e+04
 1.19016e+04
 1.19016e+04
 1.19016e+04
 1.19016e+04
 1.19016e+04
 1.19016e+04
 1.18905e+04
 1.19016e+04
 1.19016e+04
 1.19016e+04
 1.18905e+04
 1.19016e+04
 1.18905e+04
 1.19016e+04
 1.19016e+04
 1.19016e+04
 1.18905e+04
 1.19016e+04
 1.19016e+04
 1.19016e+04
 1.19016e+04
 1.18960e+04
 1.19016e+04
 1.19016e+04
 1.19016e+04
 1.19016e+04
 1.19016e+04
 1.19016e+04
 1.19016e+04
 1.19016e+04
 1.19016e+04
 1.19016e+04
 1.19016e+04
 1.19016e+04
 1.19016e+04
 1.19016e+04
 1.19016e+04
 1.19016e+04
 1.19016e+04
 1.19016e+04
 1.19016e+04
 1.19016e+04
 1.19016e+04
 1.19016e+04
 1.19016e+04
 1.19016e+04
 1.19016e+04
 1.19016e+04
 1.19016e+04
 1.19016e+04
 1.19016e+04
 1.19016e+04
 1.19016e+04
 1.19016e+04
 1.19016e+04
 1.19016e+04
 1.19016e+04
 1.19016e+04
 1.19016e+04
 1.19016e+04
 1.19016e+04
 1.19016e+04
 1.19016e+04
 1.19090e+04
 1.19090e+04
 1.19090e+04
 1.19090e+04
 1.19090e+04
 1.19090e+04
 1.19090e+04
 1.19090e+04
 1.19090e+04
 1.19090e+04
 1.19090e+04
 1.19090e+04
 1.19090e+04
 1.19090e+04
 1.19090e+04
 1.19090e+04
 1.19090e+04
 1.19090e+04
 1.19090e+04
 1.19090e+04
 1.19090e+04
 1.19090e+04
 1.19090e+04
 1.19090e+04
 1.19090e+04
 1.19090e+04
 1.19090e+04
 1.19090e+04
 1.19090e+04
 1.19053e+04
 1.19090e+04
 1.19090e+04
 1.19090e+04
 1.19090e+04
 1.19090e+04
 1.19090e+04
 1.19090e+04
 1.19090e+04
 1.19090e+04
 1.19090e+04
 1.19053e+04
 1.19090e+04
 1.19090e+04
 1.19090e+04
 1.19090e+04
 1.19090e+04
 1.19090e+04
 1.19090e+04
 1.19090e+04
 1.19090e+04
 1.19090e+04
 1.19090e+04
 1.19090e+04
 1.19090e+04
 1.19090e+04
 1.19090e+04
 1.19090e+04
 1.19090e+04
 1.19090e+04
 1.19090e+04
 1.19090e+04
 1.19090e+04
 1.19053e+04
 1.19090e+04
 1.19090e+04
 1.19090e+04
 1.19090e+04
 1.19090e+04
 1.19090e+04
 1.19053e+04
 1.19053e+04
 1.19090e+04
 1.19090e+04
 1.19090e+04
 1.19053e+04
 1.19090e+04
 1.19090e+04
 1.19090e+04
 1.19090e+04
 1.19090e+04
 1.19090e+04
 1.19090e+04
 1.19071e+04
 1.19090e+04
 1.19090e+04
 1.19090e+04
 1.19090e+04
 1.19090e+04
 1.19090e+04
 1.19090e+04
 1.19090e+04
 1.19090e+04
 1.19090e+04
 1.19090e+04
 1.19090e+04
 1.19090e+04
 1.19090e+04
 1.19090e+04
 1.19090e+04
 1.19090e+04
 1.19090e+04
 1.19090e+04
 1.19090e+04
 1.19090e+04
 1.19090e+04
 1.19090e+04
 1.19090e+04
 1.19090e+04
 1.19090e+04
 1.19090e+04
 1.19090e+04
 1.19090e+04
 1.19090e+04
 1.19016e+04
 1.19016e+04
 1.19016e+04
 1.19016e+04
 1.19016e+04
 1.19016e+04
 1.19016e+04
 1.19016e+04
 1.19016e+04
 1.19016e+04
 1.19016e+04
 1.19016e+04
 1.19016e+04
 1.19016e+04
 1.19016e+04
 1.19016e+04
 1.19016e+04
 1.19016e+04
 1.19016e+04
 1.19016e+04
 1.19016e+04
 1.19016e+04
 1.19016e+04
 1.19016e+04
 1.19016e+04
 1.19016e+04
 1.19016e+04
 1.19016e+04
 1.19016e+04
 1.19016e+04
 1.19016e+04
 1.19016e+04
 1.19016e+04
 1.19016e+04
 1.19016e+04
 1.19016e+04
 1.19016e+04
 1.19016e+04
 1.19016e+04
 1.19016e+04
 1.19016e+04
 1.19016e+04
 1.19016e+04
 1.19016e+04
 1.19016e+04
 1.19016e+04
 1.19016e+04
 1.19016e+04
 1.19016e+04
 1.19016e+04
 1.19016e+04
 1.19016e+04
 1.19016e+04
 1.19016e+04
 1.19016e+04
 1.19016e+04
 1.19016e+04
 1.19016e+04
 1.19016e+04
 1.19016e+04
 1.19016e+04
 1.19016e+04
 1.19016e+04
 1.19016e+04
 1.19016e+04
 1.19016e+04
 1.19016e+04
 1.19016e+04
 1.19016e+04
 1.19016e+04
 1.19016e+04
 1.19016e+04
 1.19016e+04
 1.19016e+04
 1.19016e+04
 1.19016e+04
 1.19016e+04
 1.19016e+04
 1.19016e+04
 1.19058e+04
 1.19016e+04
 1.19016e+04
 1.19016e+04
 1.19016e+04
 1.19016e+04
 1.19016e+04
 1.19016e+04
 1.19016e+04
 1.19016e+04
 1.19016e+04
 1.19016e+04
 1.19016e+04
 1.19016e+04
 1.19016e+04
 1.19016e+04
 1.19016e+04
 1.19016e+04
 1.19016e+04
 1.19016e+04
 1.19016e+04
 1.19016e+04
 1.19016e+04
 1.19016e+04
 1.19016e+04
 1.19016e+04
 1.19016e+04
 1.19016e+04
 1.19016e+04
 1.18794e+04
 1.18794e+04
 1.18794e+04
 1.18794e+04
 1.18794e+04
 1.18794e+04
 1.18794e+04
 1.18794e+04
 1.18794e+04
 1.18794e+04
 1.18794e+04
 1.18794e+04
 1.18794e+04
 1.18794e+04
 1.18794e+04
 1.18794e+04
 1.18794e+04
 1.18794e+04
 1.18794e+04
 1.18794e+04
 1.18794e+04
 1.18794e+04
 1.18905e+04
 1.18794e+04
 1.18794e+04
 1.18794e+04
 1.18794e+04
 1.18794e+04
 1.18794e+04
 1.18794e+04
 1.18794e+04
 1.18794e+04
 1.18794e+04
 1.18794e+04
 1.18794e+04
 1.18794e+04
 1.18794e+04
 1.18794e+04
 1.18794e+04
 1.18794e+04
 1.18794e+04
 1.18794e+04
 1.18794e+04
 1.18794e+04
 1.18794e+04
 1.18794e+04
 1.18794e+04
 1.18794e+04
 1.18794e+04
 1.18794e+04
 1.18794e+04
 1.18794e+04
 1.18794e+04
 1.18794e+04
 1.18794e+04
 1.18794e+04
 1.18794e+04
 1.18794e+04
 1.18794e+04
 1.18794e+04
 1.18794e+04
 1.18794e+04
 1.18794e+04
 1.18794e+04
 1.18794e+04
 1.18794e+04
 1.18794e+04
 1.18794e+04
 1.18794e+04
 1.18794e+04
 1.18794e+04
 1.18794e+04
 1.18794e+04
 1.18794e+04
 1.18794e+04
 1.18794e+04
 1.18794e+04
 1.18794e+04
 1.18794e+04
 1.18794e+04
 1.18794e+04
 1.18794e+04
 1.18794e+04
 1.18794e+04
 1.18794e+04
 1.18794e+04
 1.18794e+04
 1.18794e+04
 1.18794e+04
 1.18794e+04
 1.18794e+04
 1.18794e+04
 1.18794e+04
 1.18794e+04
 1.18794e+04
 1.18794e+04
 1.18794e+04
 1.18794e+04
 1.18794e+04
 1.18794e+04
 1.18794e+04
 1.18794e+04
 1.18794e+04
 1.18794e+04
 1.18794e+04
 1.18424e+04
 1.18424e+04
 1.18424e+04
 1.18424e+04
 1.18424e+04
 1.18424e+04
 1.18424e+04
 1.18424e+04
 1.18424e+04
 1.18424e+04
 1.18424e+04
 1.18424e+04
 1.18424e+04
 1.18424e+04
 1.18424e+04
 1.18424e+04
 1.18424e+04
 1.18424e+04
 1.18424e+04
 1.18424e+04
 1.18424e+04
 1.18424e+04
 1.18424e+04
 1.18424e+04
 1.18609e+04
 1.18424e+04
 1.18424e+04
 1.18424e+04
 1.18424e+04
 1.18424e+04
 1.18424e+04
 1.18424e+04
 1.18424e+04
 1.18424e+04
 1.18424e+04
 1.18424e+04
 1.18424e+04
 1.18424e+04
 1.18424e+04
 1.18424e+04
 1.18424e+04
 1.18424e+04
 1.18424e+04
 1.18424e+04
 1.18424e+04
 1.18424e+04
 1.18424e+04
 1.18424e+04
 1.18424e+04
 1.18424e+04
 1.18424e+04
 1.18424e+04
 1.18424e+04
 1.18424e+04
 1.18424e+04
 1.18424e+04
 1.18424e+04
 1.18424e+04
 1.18424e+04
 1.18424e+04
 1.18424e+04
 1.18424e+04
 1.18424e+04
 1.18424e+04
 1.18424e+04
 1.18424e+04
 1.18424e+04
 1.18424e+04
 1.18424e+04
 1.18424e+04
 1.18424e+04
 1.18424e+04
 1.18424e+04
 1.18424e+04
 1.18424e+04
 1.18424e+04
 1.18424e+04
 1.18424e+04
 1.18424e+04
 1.18424e+04
 1.18424e+04
 1.18582e+04
 1.18424e+04
 1.18424e+04
 1.18424e+04
 1.18424e+04
 1.18424e+04
 1.18424e+04
 1.18424e+04
 1.18424e+04
 1.18424e+04
 1.18424e+04
 1.18424e+04
 1.18424e+04
 1.18424e+04
 1.18424e+04
 1.18424e+04
 1.18424e+04
 1.18424e+04
 1.18424e+04
 1.18424e+04
 1.18424e+04
 1.18424e+04
 1.18424e+04
 1.18424e+04
 1.18424e+04
 1.18424e+04
 1.18424e+04
 1.17906e+04
 1.17906e+04
 1.17906e+04
 1.17906e+04
 1.17906e+04
 1.17906e+04
 1.17906e+04
 1.17906e+04
 1.17906e+04
 1.17906e+04
 1.17906e+04
 1.17906e+04
 1.17906e+04
 1.17906e+04
 1.17906e+04
 1.17906e+04
 1.17906e+04
 1.17906e+04
 1.17906e+04
 1.17906e+04
 1.17906e+04
 1.17906e+04
 1.17906e+04
 1.17906e+04
 1.17906e+04
 1.17906e+04
 1.17906e+04
 1.17906e+04
 1.17906e+04
 1.17906e+04
 1.17906e+04
 1.17906e+04
 1.17906e+04
 1.17906e+04
 1.17906e+04
 1.17906e+04
 1.17906e+04
 1.17906e+04
 1.17906e+04
 1.17906e+04
 1.17906e+04
 1.17906e+04
 1.17906e+04
 1.17906e+04
 1.17906e+04
 1.17906e+04
 1.17906e+04
 1.17906e+04
 1.17906e+04
 1.17906e+04
 1.17906e+04
 1.17906e+04
 1.17906e+04
 1.17906e+04
 1.17906e+04
 1.17906e+04
 1.17906e+04
 1.17906e+04
 1.17906e+04
 1.17906e+04
 1.17906e+04
 1.17906e+04
 1.17906e+04
 1.17906e+04
 1.17906e+04
 1.17906e+04
 1.17906e+04
 1.17906e+04
 1.17906e+04
 1.17906e+04
 1.17906e+04
 1.17906e+04
 1.17906e+04
 1.17906e+04
 1.17906e+04
 1.18294e+04
 1.17906e+04
 1.17906e+04
 1.17906e+04
 1.17906e+04
 1.17906e+04
 1.17906e+04
 1.17906e+04
 1.17906e+04
 1.17906e+04
 1.17906e+04
 1.17906e+04
 1.17906e+04
 1.17906e+04
 1.17906e+04
 1.17906e+04
 1.17906e+04
 1.17906e+04
 1.17906e+04
 1.17906e+04
 1.17906e+04
 1.17906e+04
 1.17906e+04
 1.17906e+04
 1.17906e+04
 1.17906e+04
 1.17906e+04
 1.17906e+04
 1.17906e+04
 1.17906e+04
 1.17906e+04
 1.17906e+04
 1.17906e+04
 1.17906e+04
 6.56705e+05
 6.56705e+05
 6.56705e+05
 6.56705e+05
 6.56705e+05
 6.56705e+05
 6.56705e+05
 6.56705e+05
 6.56705e+05
 6.56705e+05
 6.56705e+05
 6.56705e+05
 6.56705e+05
 6.56705e+05
 6.56705e+05
 6.56705e+05
 6.56705e+05
 6.56705e+05
 6.56705e+05
 6.56705e+05
 6.56705e+05
 6.56705e+05
 6.56705e+05
 6.56705e+05
 6.56705e+05
 6.56705e+05
 6.56705e+05
 6.56705e+05
 6.56705e+05
 6.56705e+05
 6.56705e+05
 6.56705e+05
 6.56705e+05
 6.56705e+05
 6.56705e+05
 6.56705e+05
 6.56705e+05
 6.56705e+05
 3.34248e+05
 6.56705e+05
 6.56705e+05
 6.56705e+05
 6.56705e+05
 6.56705e+05
 6.56705e+05
 6.56705e+05
 6.56705e+05
 6.56705e+05
 6.56705e+05
 6.56705e+05
 6.56705e+05
 6.56705e+05
 6.56705e+05
 6.56705e+05
 6.56705e+05
 6.56705e+05
 6.56705e+05
 6.56705e+05
 6.56705e+05
 6.56705e+05
 6.56705e+05
 6.56705e+05
 6.56705e+05
 6.56705e+05
 6.56705e+05
 3.34248e+05
 6.56705e+05
 6.56705e+05
 6.56705e+05
 6.56705e+05
 6.56705e+05
 6.56705e+05
 6.56705e+05
 4.95476e+05
 6.56705e+05
 6.56705e+05
 6.56705e+05
 6.56705e+05
 6.56705e+05
 6.56705e+05
 6.56705e+05
 6.56705e+05
 6.56705e+05
 6.56705e+05
 6.56705e+05
 6.56705e+05
 6.56705e+05
 6.56705e+05
 6.56705e+05
 6.56705e+05
 6.56705e+05
 6.56705e+05
 6.56705e+05
 6.56705e+05
 6.56705e+05
 6.56705e+05
 6.56705e+05
 6.56705e+05
 6.56705e+05
 6.56705e+05
 6.56705e+05
 6.56705e+05
 6.56705e+05
 6.56705e+05
 6.56705e+05
 6.56705e+05
 6.56705e+05
 6.50825e+05
 0.00000e+00
 0.00000e+00
 0.00000e+00
 0.00000e+00
 0.00000e+00
 0.00000e+00
 0.00000e+00
 0.00000e+00
 0.00000e+00
 0.00000e+00
 0.00000e+00
 0.00000e+00
 0.00000e+00
 0.00000e+00
 0.00000e+00
 0.00000e+00
 0.00000e+00
 0.00000e+00
 0.00000e+00
 0.00000e+00
 0.00000e+00
 0.00000e+00
 0.00000e+00
 0.00000e+00
 0.00000e+00
 6.47561e-26
 3.21461e-25
 0.00000e+00
 0.00000e+00
 0.00000e+00
 0.00000e+00
 0.00000e+00
 0.00000e+00
 0.00000e+00
 0.00000e+00
 1.53559e-24
 0.00000e+00
 0.00000e+00
 3.28353e+05
-2.56705e-25
 0.00000e+00
 0.00000e+00
 0.00000e+00
 0.00000e+00
 0.00000e+00
 0.00000e+00
 0.00000e+00
 0.00000e+00
 0.00000e+00
 0.00000e+00
 0.00000e+00
 0.00000e+00
 0.00000e+00
 0.00000e+00
 0.00000e+00
 0.00000e+00
 0.00000e+00
 0.00000e+00
 0.00000e+00
 0.00000e+00
 0.00000e+00
 0.00000e+00
 0.00000e+00
 0.00000e+00
 0.00000e+00
 0.00000e+00
 9.59745e-26
 0.00000e+00
 3.28353e+05
 3.03880e-24
-3.00643e-24
 0.00000e+00
 0.00000e+00
 0.00000e+00
 0.00000e+00
 0.00000e+00
 0.00000e+00
 0.00000e+00
 0.00000e+00
 0.00000e+00
 0.00000e+00
 0.00000e+00
 0.00000e+00
 3.10356e-24
 0.00000e+00
 0.00000e+00
 0.00000e+00
 0.00000e+00
 1.40840e-24
 0.00000e+00
 6.50825e+05
 0.00000e+00
 0.00000e+00
 0.00000e+00
 0.00000e+00
 0.00000e+00
 0.00000e+00
 0.00000e+00
 0.00000e+00
 0.00000e+00
 0.00000e+00
 0.00000e+00
 0.00000e+00
 0.00000e+00
 0.00000e+00
 0.00000e+00
 0.00000e+00
