scalar
part
         1
coordinates
 1.14373e+05
 2.25852e+05
 2.25852e+05
 2.50746e-11
 2.25852e+05
 2.50746e-11
 2.25852e+05
 2.50746e-11
 0.00000e+00
 2.25852e+05
 2.50746e-11
 2.25852e+05
 2.50746e-11
 2.25852e+05
 2.50746e-11
-6.46235e-27
 2.25852e+05
 2.50746e-11
 2.25852e+05
 0.00000e+00
 0.00000e+00
 2.25852e+05
 2.50746e-11
 2.25852e+05
 0.00000e+00
 2.25852e+05
 2.50746e-11
 2.25852e+05
 0.00000e+00
 2.25852e+05
 2.25852e+05
 2.50746e-11
-2.56966e-26
 2.25852e+05
 2.50746e-11
 2.25852e+05
 2.50746e-11
 2.25852e+05
-1.99863e-26
 2.25852e+05
 2.25852e+05
 2.25852e+05
 2.25852e+05
 2.50746e-11
 2.25852e+05
 2.50746e-11
 2.25852e+05
 2.50746e-11
 2.25852e+05
 2.50746e-11
 2.25852e+05
 0.00000e+00
 2.25852e+05
 1.14373e+05
 2.25852e+05
 2.25852e+05
 2.25852e+05
 2.25852e+05
 2.25852e+05
 2.25852e+05
 2.25852e+05
 2.25852e+05
 2.25852e+05
 2.25852e+05
 2.25852e+05
 2.25852e+05
 2.25852e+05
 2.25852e+05
 2.25852e+05
 2.25852e+05
 2.25852e+05
 2.25852e+05
 2.25852e+05
 2.25852e+05
 2.25852e+05
 2.25852e+05
 2.25852e+05
 2.25852e+05
 2.25852e+05
 2.25852e+05
 2.25852e+05
 2.25852e+05
 1.14373e+05
 0.00000e+00
 0.00000e+00
 0.00000e+00
 0.00000e+00
 0.00000e+00
 0.00000e+00
 0.00000e+00
 0.00000e+00
 0.00000e+00
 0.00000e+00
 0.00000e+00
 0.00000e+00
 0.00000e+00
 0.00000e+00
 0.00000e+00
 0.00000e+00
-2.56966e-26
 0.00000e+00
 0.00000e+00
 0.00000e+00
-1.72024e-26
 0.00000e+00
 0.00000e+00
 0.00000e+00
 0.00000e+00
 1.14373e+05
