scalar
part
         1
coordinates
 1.17989e+05
 2.28053e+05
 2.28053e+05
 0.00000e+00
 2.28053e+05
 0.00000e+00
 2.28053e+05
 0.00000e+00
 2.28053e+05
 0.00000e+00
 2.28053e+05
 0.00000e+00
 2.28053e+05
 0.00000e+00
 2.28053e+05
 0.00000e+00
 2.53190e-11
 2.28053e+05
 0.00000e+00
 2.28053e+05
 0.00000e+00
 2.28053e+05
 0.00000e+00
 2.28053e+05
 0.00000e+00
 2.28053e+05
 2.28053e+05
 0.00000e+00
 2.28053e+05
 2.53190e-11
 2.28053e+05
-5.06380e-11
 2.28053e+05
-5.06380e-11
 2.28053e+05
-5.06380e-11
 0.00000e+00
 2.28053e+05
 2.53190e-11
 2.28053e+05
 0.00000e+00
 2.28053e+05
 0.00000e+00
 2.28053e+05
 0.00000e+00
 2.28053e+05
 0.00000e+00
 2.28053e+05
 0.00000e+00
 2.28053e+05
 0.00000e+00
 2.28053e+05
 0.00000e+00
 2.28053e+05
 0.00000e+00
 2.28053e+05
-5.06380e-11
 2.28053e+05
-5.06380e-11
 2.28053e+05
 0.00000e+00
 2.28053e+05
-5.06380e-11
 2.28053e+05
 2.28053e+05
 0.00000e+00
 0.00000e+00
 2.28053e+05
 0.00000e+00
 2.28053e+05
 0.00000e+00
 2.28053e+05
 0.00000e+00
 2.28053e+05
 0.00000e+00
 2.28053e+05
 0.00000e+00
 2.28053e+05
 9.01904e-26
 2.28053e+05
 2.28053e+05
 0.00000e+00
-1.50317e-25
 2.28053e+05
-1.26595e-10
 2.28053e+05
 2.28053e+05
 0.00000e+00
 2.28053e+05
 2.28053e+05
 0.00000e+00
 2.28053e+05
-5.06380e-11
 2.28053e+05
 0.00000e+00
 2.28053e+05
 0.00000e+00
 2.28053e+05
 0.00000e+00
 2.28053e+05
 0.00000e+00
 2.28053e+05
 0.00000e+00
 2.28053e+05
 0.00000e+00
 2.28053e+05
 0.00000e+00
 2.28053e+05
 1.17989e+05
 2.22235e+05
 2.22235e+05
 2.22235e+05
 2.22235e+05
 2.22235e+05
 2.22235e+05
 2.22235e+05
 2.22235e+05
 2.22235e+05
 2.22235e+05
 2.22235e+05
 2.22235e+05
 2.22235e+05
 2.22235e+05
 2.22235e+05
 2.22235e+05
 2.22235e+05
 2.22235e+05
 2.22235e+05
 2.22235e+05
 2.22235e+05
 2.22235e+05
 2.22235e+05
 2.22235e+05
 2.22235e+05
 2.22235e+05
 2.22235e+05
 2.22235e+05
 2.22235e+05
 2.22235e+05
 2.22235e+05
 2.22235e+05
 2.22235e+05
 2.22235e+05
 2.22235e+05
 2.22235e+05
 2.22235e+05
 2.22235e+05
 2.22235e+05
 2.22235e+05
 2.22235e+05
 2.22235e+05
 2.22235e+05
 2.22235e+05
 2.22235e+05
 2.22235e+05
 2.22235e+05
 2.22235e+05
 2.22235e+05
 2.22235e+05
 2.22235e+05
 2.22235e+05
 2.22235e+05
 2.22235e+05
 2.24342e+05
 2.24342e+05
 2.24342e+05
 2.24342e+05
 2.24342e+05
 2.24342e+05
 2.24342e+05
 2.24342e+05
 2.24342e+05
 2.24342e+05
 2.24342e+05
 2.24342e+05
 2.24342e+05
 2.24342e+05
 2.24342e+05
 2.24342e+05
 2.24342e+05
 2.24342e+05
 2.24342e+05
 2.24342e+05
 2.24342e+05
 2.24342e+05
 2.24342e+05
 2.24342e+05
 2.24342e+05
 2.24342e+05
 2.24342e+05
 2.24342e+05
 2.24342e+05
 2.24342e+05
 2.24342e+05
 2.24342e+05
 2.24342e+05
 2.24342e+05
 2.24342e+05
 2.24342e+05
 2.24342e+05
 2.24342e+05
 2.24342e+05
 2.24342e+05
 2.24342e+05
 2.24342e+05
 2.24342e+05
 2.24342e+05
 2.24342e+05
 2.24342e+05
 2.24342e+05
 2.24342e+05
 2.24342e+05
 2.24342e+05
 2.24342e+05
 2.24342e+05
 2.24342e+05
 2.24342e+05
 2.22235e+05
 2.22235e+05
 2.22235e+05
 2.22235e+05
 2.22235e+05
 2.22235e+05
 2.22235e+05
 2.22235e+05
 2.22235e+05
 2.22235e+05
 2.22235e+05
 2.22235e+05
 2.22235e+05
 2.22235e+05
 2.22235e+05
 2.22235e+05
 2.22235e+05
 2.22235e+05
 2.22235e+05
 2.22235e+05
 2.22235e+05
 2.22235e+05
 2.22235e+05
 2.22235e+05
 2.22235e+05
 2.22235e+05
 2.22235e+05
 2.22235e+05
 2.22235e+05
 2.22235e+05
 2.22235e+05
 2.22235e+05
 2.22235e+05
 2.22235e+05
 2.22235e+05
 2.22235e+05
 2.22235e+05
 2.22235e+05
 2.22235e+05
 2.22235e+05
 2.22235e+05
 2.22235e+05
 2.22235e+05
 2.22235e+05
 2.22235e+05
 2.22235e+05
 2.22235e+05
 2.22235e+05
 2.22235e+05
 2.22235e+05
 2.22235e+05
 2.22235e+05
 2.28053e+05
 2.28053e+05
 2.28053e+05
 2.28053e+05
 2.28053e+05
 2.28053e+05
 2.28053e+05
 2.28053e+05
 2.28053e+05
 2.28053e+05
 2.28053e+05
 2.28053e+05
 2.28053e+05
 2.28053e+05
 2.28053e+05
 2.28053e+05
 2.28053e+05
 2.28053e+05
 2.28053e+05
 2.28053e+05
 2.28053e+05
 2.28053e+05
 2.28053e+05
 2.28053e+05
 2.28053e+05
 2.28053e+05
 2.28053e+05
 2.28053e+05
 2.28053e+05
 2.28053e+05
 2.28053e+05
 2.28053e+05
 2.28053e+05
 2.28053e+05
 2.28053e+05
 2.28053e+05
 2.28053e+05
 2.28053e+05
 2.28053e+05
 2.28053e+05
 2.28053e+05
 2.28053e+05
 2.28053e+05
 2.28053e+05
 2.28053e+05
 2.28053e+05
 2.28053e+05
 2.28053e+05
 2.28053e+05
 2.28053e+05
 2.28053e+05
 2.28053e+05
 2.28053e+05
 2.28053e+05
 1.17989e+05
 0.00000e+00
 0.00000e+00
 0.00000e+00
 0.00000e+00
 0.00000e+00
 0.00000e+00
 0.00000e+00
 0.00000e+00
 0.00000e+00
 0.00000e+00
 0.00000e+00
 0.00000e+00
 0.00000e+00
 0.00000e+00
 0.00000e+00
 0.00000e+00
 0.00000e+00
 1.20254e-26
 0.00000e+00
 0.00000e+00
 0.00000e+00
 0.00000e+00
 0.00000e+00
 0.00000e+00
 0.00000e+00
 0.00000e+00
 0.00000e+00
 0.00000e+00
 0.00000e+00
 0.00000e+00
 0.00000e+00
 0.00000e+00
 5.62195e-27
 0.00000e+00
 0.00000e+00
 0.00000e+00
 0.00000e+00
 0.00000e+00
 0.00000e+00
 9.01904e-26
-1.50317e-25
 0.00000e+00
-7.21524e-26
 0.00000e+00
 0.00000e+00
 0.00000e+00
 0.00000e+00
 0.00000e+00
 0.00000e+00
 0.00000e+00
 0.00000e+00
 0.00000e+00
 1.17989e+05
