scalar
part
         1
coordinates
 1.17918e+05
 2.28023e+05
 2.28023e+05
 0.00000e+00
 2.28023e+05
 0.00000e+00
 2.28023e+05
 0.00000e+00
 2.28023e+05
 0.00000e+00
 2.28023e+05
 0.00000e+00
 2.28023e+05
 0.00000e+00
 2.28023e+05
 0.00000e+00
 2.53156e-11
 2.28023e+05
 0.00000e+00
 2.28023e+05
 0.00000e+00
 2.28023e+05
 0.00000e+00
 2.28023e+05
 0.00000e+00
 2.28023e+05
 2.28023e+05
 0.00000e+00
 2.28023e+05
 2.53156e-11
 2.28023e+05
-5.06312e-11
 2.28023e+05
-5.06312e-11
 2.28023e+05
-5.06312e-11
 0.00000e+00
 2.28023e+05
 2.53156e-11
 2.28023e+05
 0.00000e+00
 2.28023e+05
 0.00000e+00
 2.28023e+05
 0.00000e+00
 2.28023e+05
 0.00000e+00
 2.28023e+05
 0.00000e+00
 2.28023e+05
 0.00000e+00
 2.28023e+05
 0.00000e+00
 2.28023e+05
 0.00000e+00
 2.28023e+05
-5.06312e-11
 2.28023e+05
-5.06312e-11
 2.28023e+05
 0.00000e+00
 2.28023e+05
-5.06312e-11
 2.28023e+05
 2.28023e+05
 0.00000e+00
 0.00000e+00
 2.28023e+05
 0.00000e+00
 2.28023e+05
 0.00000e+00
 2.28023e+05
 0.00000e+00
 2.28023e+05
 0.00000e+00
 2.28023e+05
 0.00000e+00
 2.28023e+05
 9.00970e-26
 2.28023e+05
 2.28023e+05
 0.00000e+00
-1.50162e-25
 2.28023e+05
-1.26578e-10
 2.28023e+05
 2.28023e+05
 0.00000e+00
 2.28023e+05
 2.28023e+05
 0.00000e+00
 2.28023e+05
-5.06312e-11
 2.28023e+05
 0.00000e+00
 2.28023e+05
 0.00000e+00
 2.28023e+05
 0.00000e+00
 2.28023e+05
 0.00000e+00
 2.28023e+05
 0.00000e+00
 2.28023e+05
 0.00000e+00
 2.28023e+05
 0.00000e+00
 2.28023e+05
 1.17918e+05
 2.22306e+05
 2.22306e+05
 2.22306e+05
 2.22306e+05
 2.22306e+05
 2.22306e+05
 2.22306e+05
 2.22306e+05
 2.22306e+05
 2.22306e+05
 2.22306e+05
 2.22306e+05
 2.22306e+05
 2.22306e+05
 2.22306e+05
 2.22306e+05
 2.22306e+05
 2.22306e+05
 2.22306e+05
 2.22306e+05
 2.22306e+05
 2.22306e+05
 2.22306e+05
 2.22306e+05
 2.22306e+05
 2.22306e+05
 2.22306e+05
 2.22306e+05
 2.22306e+05
 2.22306e+05
 2.22306e+05
 2.22306e+05
 2.22306e+05
 2.22306e+05
 2.22306e+05
 2.22306e+05
 2.22306e+05
 2.22306e+05
 2.22306e+05
 2.22306e+05
 2.22306e+05
 2.22306e+05
 2.22306e+05
 2.22306e+05
 2.22306e+05
 2.22306e+05
 2.22306e+05
 2.22306e+05
 2.22306e+05
 2.22306e+05
 2.22306e+05
 2.22306e+05
 2.22306e+05
 2.22306e+05
 2.24404e+05
 2.24404e+05
 2.24404e+05
 2.24404e+05
 2.24404e+05
 2.24404e+05
 2.24404e+05
 2.24404e+05
 2.24404e+05
 2.24404e+05
 2.24404e+05
 2.24404e+05
 2.24404e+05
 2.24404e+05
 2.24404e+05
 2.24404e+05
 2.24404e+05
 2.24404e+05
 2.24404e+05
 2.24404e+05
 2.24404e+05
 2.24404e+05
 2.24404e+05
 2.24404e+05
 2.24404e+05
 2.24404e+05
 2.24404e+05
 2.24404e+05
 2.24404e+05
 2.24404e+05
 2.24404e+05
 2.24404e+05
 2.24404e+05
 2.24404e+05
 2.24404e+05
 2.24404e+05
 2.24404e+05
 2.24404e+05
 2.24404e+05
 2.24404e+05
 2.24404e+05
 2.24404e+05
 2.24404e+05
 2.24404e+05
 2.24404e+05
 2.24404e+05
 2.24404e+05
 2.24404e+05
 2.24404e+05
 2.24404e+05
 2.24404e+05
 2.24404e+05
 2.24404e+05
 2.24404e+05
 2.22306e+05
 2.22306e+05
 2.22306e+05
 2.22306e+05
 2.22306e+05
 2.22306e+05
 2.22306e+05
 2.22306e+05
 2.22306e+05
 2.22306e+05
 2.22306e+05
 2.22306e+05
 2.22306e+05
 2.22306e+05
 2.22306e+05
 2.22306e+05
 2.22306e+05
 2.22306e+05
 2.22306e+05
 2.22306e+05
 2.22306e+05
 2.22306e+05
 2.22306e+05
 2.22306e+05
 2.22306e+05
 2.22306e+05
 2.22306e+05
 2.22306e+05
 2.22306e+05
 2.22306e+05
 2.22306e+05
 2.22306e+05
 2.22306e+05
 2.22306e+05
 2.22306e+05
 2.22306e+05
 2.22306e+05
 2.22306e+05
 2.22306e+05
 2.22306e+05
 2.22306e+05
 2.22306e+05
 2.22306e+05
 2.22306e+05
 2.22306e+05
 2.22306e+05
 2.22306e+05
 2.22306e+05
 2.22306e+05
 2.22306e+05
 2.22306e+05
 2.22306e+05
 2.28023e+05
 2.28023e+05
 2.28023e+05
 2.28023e+05
 2.28023e+05
 2.28023e+05
 2.28023e+05
 2.28023e+05
 2.28023e+05
 2.28023e+05
 2.28023e+05
 2.28023e+05
 2.28023e+05
 2.28023e+05
 2.28023e+05
 2.28023e+05
 2.28023e+05
 2.28023e+05
 2.28023e+05
 2.28023e+05
 2.28023e+05
 2.28023e+05
 2.28023e+05
 2.28023e+05
 2.28023e+05
 2.28023e+05
 2.28023e+05
 2.28023e+05
 2.28023e+05
 2.28023e+05
 2.28023e+05
 2.28023e+05
 2.28023e+05
 2.28023e+05
 2.28023e+05
 2.28023e+05
 2.28023e+05
 2.28023e+05
 2.28023e+05
 2.28023e+05
 2.28023e+05
 2.28023e+05
 2.28023e+05
 2.28023e+05
 2.28023e+05
 2.28023e+05
 2.28023e+05
 2.28023e+05
 2.28023e+05
 2.28023e+05
 2.28023e+05
 2.28023e+05
 2.28023e+05
 2.28023e+05
 1.17918e+05
 0.00000e+00
 0.00000e+00
 0.00000e+00
 0.00000e+00
 0.00000e+00
 0.00000e+00
 0.00000e+00
 0.00000e+00
 0.00000e+00
 0.00000e+00
 0.00000e+00
 0.00000e+00
 0.00000e+00
 0.00000e+00
 0.00000e+00
 0.00000e+00
 0.00000e+00
 1.20129e-26
 0.00000e+00
 0.00000e+00
 0.00000e+00
 0.00000e+00
 0.00000e+00
 0.00000e+00
 0.00000e+00
 0.00000e+00
 0.00000e+00
 0.00000e+00
 0.00000e+00
 0.00000e+00
 0.00000e+00
 0.00000e+00
 5.62119e-27
 0.00000e+00
 0.00000e+00
 0.00000e+00
 0.00000e+00
 0.00000e+00
 0.00000e+00
 9.00970e-26
-1.50162e-25
 0.00000e+00
-7.20776e-26
 0.00000e+00
 0.00000e+00
 0.00000e+00
 0.00000e+00
 0.00000e+00
 0.00000e+00
 0.00000e+00
 0.00000e+00
 0.00000e+00
 1.17918e+05
