Ensight Geometry File
Written by OpenFOAM 2306
node id assign
element id assign
part
         1
geometry
coordinates
       625
-4.40000e+00
-4.80000e+00
-4.80000e+00
-4.40000e+00
-4.00000e+00
-4.00000e+00
-3.60000e+00
-3.60000e+00
-3.20000e+00
-3.20000e+00
-2.80000e+00
-2.80000e+00
-2.40000e+00
-2.40000e+00
-2.00000e+00
-2.00000e+00
-1.60000e+00
-1.60000e+00
-1.20000e+00
-1.20000e+00
-8.00000e-01
-8.00000e-01
-4.00000e-01
-4.00000e-01
 0.00000e+00
 0.00000e+00
 4.00000e-01
 4.00000e-01
 8.00000e-01
 8.00000e-01
 1.20000e+00
 1.20000e+00
 1.60000e+00
 1.60000e+00
 2.00000e+00
 2.00000e+00
 2.40000e+00
 2.40000e+00
 2.80000e+00
 2.80000e+00
 3.20000e+00
 3.20000e+00
 3.60000e+00
 3.60000e+00
 4.00000e+00
 4.00000e+00
 4.40000e+00
 4.40000e+00
 4.80000e+00
 4.80000e+00
-4.40000e+00
-4.80000e+00
-4.00000e+00
-3.60000e+00
-3.20000e+00
-2.80000e+00
-2.40000e+00
-2.00000e+00
-1.60000e+00
-1.20000e+00
-8.00000e-01
-4.00000e-01
 0.00000e+00
 4.00000e-01
 8.00000e-01
 1.20000e+00
 1.60000e+00
 2.00000e+00
 2.40000e+00
 2.80000e+00
 3.20000e+00
 3.60000e+00
 4.00000e+00
 4.40000e+00
 4.80000e+00
-4.40000e+00
-4.80000e+00
-4.00000e+00
-3.60000e+00
-3.20000e+00
-2.80000e+00
-2.40000e+00
-2.00000e+00
-1.60000e+00
-1.20000e+00
-8.00000e-01
-4.00000e-01
 0.00000e+00
 4.00000e-01
 8.00000e-01
 1.20000e+00
 1.60000e+00
 2.00000e+00
 2.40000e+00
 2.80000e+00
 3.20000e+00
 3.60000e+00
 4.00000e+00
 4.40000e+00
 4.80000e+00
-4.40000e+00
-4.80000e+00
-4.00000e+00
-3.60000e+00
-3.20000e+00
-2.80000e+00
-2.40000e+00
-2.00000e+00
-1.60000e+00
-1.20000e+00
-8.00000e-01
-4.00000e-01
 0.00000e+00
 4.00000e-01
 8.00000e-01
 1.20000e+00
 1.60000e+00
 2.00000e+00
 2.40000e+00
 2.80000e+00
 3.20000e+00
 3.60000e+00
 4.00000e+00
 4.40000e+00
 4.80000e+00
-4.40000e+00
-4.80000e+00
-4.00000e+00
-3.60000e+00
-3.20000e+00
-2.80000e+00
-2.40000e+00
-2.00000e+00
-1.60000e+00
-1.20000e+00
-8.00000e-01
-4.00000e-01
 0.00000e+00
 4.00000e-01
 8.00000e-01
 1.20000e+00
 1.60000e+00
 2.00000e+00
 2.40000e+00
 2.80000e+00
 3.20000e+00
 3.60000e+00
 4.00000e+00
 4.40000e+00
 4.80000e+00
-4.40000e+00
-4.80000e+00
-4.00000e+00
-3.60000e+00
-3.20000e+00
-2.80000e+00
-2.40000e+00
-2.00000e+00
-1.60000e+00
-1.20000e+00
-8.00000e-01
-4.00000e-01
 0.00000e+00
 4.00000e-01
 8.00000e-01
 1.20000e+00
 1.60000e+00
 2.00000e+00
 2.40000e+00
 2.80000e+00
 3.20000e+00
 3.60000e+00
 4.00000e+00
 4.40000e+00
 4.80000e+00
-4.40000e+00
-4.80000e+00
-4.00000e+00
-3.60000e+00
-3.20000e+00
-2.80000e+00
-2.40000e+00
-2.00000e+00
-1.60000e+00
-1.20000e+00
-8.00000e-01
-4.00000e-01
 0.00000e+00
 4.00000e-01
 8.00000e-01
 1.20000e+00
 1.60000e+00
 2.00000e+00
 2.40000e+00
 2.80000e+00
 3.20000e+00
 3.60000e+00
 4.00000e+00
 4.40000e+00
 4.80000e+00
-4.40000e+00
-4.80000e+00
-4.00000e+00
-3.60000e+00
-3.20000e+00
-2.80000e+00
-2.40000e+00
-2.00000e+00
-1.60000e+00
-1.20000e+00
-8.00000e-01
-4.00000e-01
 0.00000e+00
 4.00000e-01
 8.00000e-01
 1.20000e+00
 1.60000e+00
 2.00000e+00
 2.40000e+00
 2.80000e+00
 3.20000e+00
 3.60000e+00
 4.00000e+00
 4.40000e+00
 4.80000e+00
-4.40000e+00
-4.80000e+00
-4.00000e+00
-3.60000e+00
-3.20000e+00
-2.80000e+00
-2.40000e+00
-2.00000e+00
-1.60000e+00
-1.20000e+00
-8.00000e-01
-4.00000e-01
 0.00000e+00
 4.00000e-01
 8.00000e-01
 1.20000e+00
 1.60000e+00
 2.00000e+00
 2.40000e+00
 2.80000e+00
 3.20000e+00
 3.60000e+00
 4.00000e+00
 4.40000e+00
 4.80000e+00
-4.40000e+00
-4.80000e+00
-4.00000e+00
-3.60000e+00
-3.20000e+00
-2.80000e+00
-2.40000e+00
-2.00000e+00
-1.60000e+00
-1.20000e+00
-8.00000e-01
-4.00000e-01
 0.00000e+00
 4.00000e-01
 8.00000e-01
 1.20000e+00
 1.60000e+00
 2.00000e+00
 2.40000e+00
 2.80000e+00
 3.20000e+00
 3.60000e+00
 4.00000e+00
 4.40000e+00
 4.80000e+00
-4.40000e+00
-4.80000e+00
-4.00000e+00
-3.60000e+00
-3.20000e+00
-2.80000e+00
-2.40000e+00
-2.00000e+00
-1.60000e+00
-1.20000e+00
-8.00000e-01
-4.00000e-01
 0.00000e+00
 4.00000e-01
 8.00000e-01
 1.20000e+00
 1.60000e+00
 2.00000e+00
 2.40000e+00
 2.80000e+00
 3.20000e+00
 3.60000e+00
 4.00000e+00
 4.40000e+00
 4.80000e+00
-4.40000e+00
-4.80000e+00
-4.00000e+00
-3.60000e+00
-3.20000e+00
-2.80000e+00
-2.40000e+00
-2.00000e+00
-1.60000e+00
-1.20000e+00
-8.00000e-01
-4.00000e-01
 0.00000e+00
 4.00000e-01
 8.00000e-01
 1.20000e+00
 1.60000e+00
 2.00000e+00
 2.40000e+00
 2.80000e+00
 3.20000e+00
 3.60000e+00
 4.00000e+00
 4.40000e+00
 4.80000e+00
-4.40000e+00
-4.80000e+00
-4.00000e+00
-3.60000e+00
-3.20000e+00
-2.80000e+00
-2.40000e+00
-2.00000e+00
-1.60000e+00
-1.20000e+00
-8.00000e-01
-4.00000e-01
 0.00000e+00
 4.00000e-01
 8.00000e-01
 1.20000e+00
 1.60000e+00
 2.00000e+00
 2.40000e+00
 2.80000e+00
 3.20000e+00
 3.60000e+00
 4.00000e+00
 4.40000e+00
 4.80000e+00
-4.40000e+00
-4.80000e+00
-4.00000e+00
-3.60000e+00
-3.20000e+00
-2.80000e+00
-2.40000e+00
-2.00000e+00
-1.60000e+00
-1.20000e+00
-8.00000e-01
-4.00000e-01
 0.00000e+00
 4.00000e-01
 8.00000e-01
 1.20000e+00
 1.60000e+00
 2.00000e+00
 2.40000e+00
 2.80000e+00
 3.20000e+00
 3.60000e+00
 4.00000e+00
 4.40000e+00
 4.80000e+00
-4.40000e+00
-4.80000e+00
-4.00000e+00
-3.60000e+00
-3.20000e+00
-2.80000e+00
-2.40000e+00
-2.00000e+00
-1.60000e+00
-1.20000e+00
-8.00000e-01
-4.00000e-01
 0.00000e+00
 4.00000e-01
 8.00000e-01
 1.20000e+00
 1.60000e+00
 2.00000e+00
 2.40000e+00
 2.80000e+00
 3.20000e+00
 3.60000e+00
 4.00000e+00
 4.40000e+00
 4.80000e+00
-4.40000e+00
-4.80000e+00
-4.00000e+00
-3.60000e+00
-3.20000e+00
-2.80000e+00
-2.40000e+00
-2.00000e+00
-1.60000e+00
-1.20000e+00
-8.00000e-01
-4.00000e-01
 0.00000e+00
 4.00000e-01
 8.00000e-01
 1.20000e+00
 1.60000e+00
 2.00000e+00
 2.40000e+00
 2.80000e+00
 3.20000e+00
 3.60000e+00
 4.00000e+00
 4.40000e+00
 4.80000e+00
-4.40000e+00
-4.80000e+00
-4.00000e+00
-3.60000e+00
-3.20000e+00
-2.80000e+00
-2.40000e+00
-2.00000e+00
-1.60000e+00
-1.20000e+00
-8.00000e-01
-4.00000e-01
 0.00000e+00
 4.00000e-01
 8.00000e-01
 1.20000e+00
 1.60000e+00
 2.00000e+00
 2.40000e+00
 2.80000e+00
 3.20000e+00
 3.60000e+00
 4.00000e+00
 4.40000e+00
 4.80000e+00
-4.40000e+00
-4.80000e+00
-4.00000e+00
-3.60000e+00
-3.20000e+00
-2.80000e+00
-2.40000e+00
-2.00000e+00
-1.60000e+00
-1.20000e+00
-8.00000e-01
-4.00000e-01
 0.00000e+00
 4.00000e-01
 8.00000e-01
 1.20000e+00
 1.60000e+00
 2.00000e+00
 2.40000e+00
 2.80000e+00
 3.20000e+00
 3.60000e+00
 4.00000e+00
 4.40000e+00
 4.80000e+00
-4.40000e+00
-4.80000e+00
-4.00000e+00
-3.60000e+00
-3.20000e+00
-2.80000e+00
-2.40000e+00
-2.00000e+00
-1.60000e+00
-1.20000e+00
-8.00000e-01
-4.00000e-01
 0.00000e+00
 4.00000e-01
 8.00000e-01
 1.20000e+00
 1.60000e+00
 2.00000e+00
 2.40000e+00
 2.80000e+00
 3.20000e+00
 3.60000e+00
 4.00000e+00
 4.40000e+00
 4.80000e+00
-4.40000e+00
-4.80000e+00
-4.00000e+00
-3.60000e+00
-3.20000e+00
-2.80000e+00
-2.40000e+00
-2.00000e+00
-1.60000e+00
-1.20000e+00
-8.00000e-01
-4.00000e-01
 0.00000e+00
 4.00000e-01
 8.00000e-01
 1.20000e+00
 1.60000e+00
 2.00000e+00
 2.40000e+00
 2.80000e+00
 3.20000e+00
 3.60000e+00
 4.00000e+00
 4.40000e+00
 4.80000e+00
-4.40000e+00
-4.80000e+00
-4.00000e+00
-3.60000e+00
-3.20000e+00
-2.80000e+00
-2.40000e+00
-2.00000e+00
-1.60000e+00
-1.20000e+00
-8.00000e-01
-4.00000e-01
 0.00000e+00
 4.00000e-01
 8.00000e-01
 1.20000e+00
 1.60000e+00
 2.00000e+00
 2.40000e+00
 2.80000e+00
 3.20000e+00
 3.60000e+00
 4.00000e+00
 4.40000e+00
 4.80000e+00
-4.40000e+00
-4.80000e+00
-4.00000e+00
-3.60000e+00
-3.20000e+00
-2.80000e+00
-2.40000e+00
-2.00000e+00
-1.60000e+00
-1.20000e+00
-8.00000e-01
-4.00000e-01
 0.00000e+00
 4.00000e-01
 8.00000e-01
 1.20000e+00
 1.60000e+00
 2.00000e+00
 2.40000e+00
 2.80000e+00
 3.20000e+00
 3.60000e+00
 4.00000e+00
 4.40000e+00
 4.80000e+00
-4.40000e+00
-4.80000e+00
-4.00000e+00
-3.60000e+00
-3.20000e+00
-2.80000e+00
-2.40000e+00
-2.00000e+00
-1.60000e+00
-1.20000e+00
-8.00000e-01
-4.00000e-01
 0.00000e+00
 4.00000e-01
 8.00000e-01
 1.20000e+00
 1.60000e+00
 2.00000e+00
 2.40000e+00
 2.80000e+00
 3.20000e+00
 3.60000e+00
 4.00000e+00
 4.40000e+00
 4.80000e+00
-4.40000e+00
-4.80000e+00
-4.00000e+00
-3.60000e+00
-3.20000e+00
-2.80000e+00
-2.40000e+00
-2.00000e+00
-1.60000e+00
-1.20000e+00
-8.00000e-01
-4.00000e-01
 0.00000e+00
 4.00000e-01
 8.00000e-01
 1.20000e+00
 1.60000e+00
 2.00000e+00
 2.40000e+00
 2.80000e+00
 3.20000e+00
 3.60000e+00
 4.00000e+00
 4.40000e+00
 4.80000e+00
-4.40000e+00
-4.40000e+00
-4.80000e+00
-4.80000e+00
-4.40000e+00
-4.80000e+00
-4.40000e+00
-4.80000e+00
-4.40000e+00
-4.80000e+00
-4.40000e+00
-4.80000e+00
-4.40000e+00
-4.80000e+00
-4.40000e+00
-4.80000e+00
-4.40000e+00
-4.80000e+00
-4.40000e+00
-4.80000e+00
-4.40000e+00
-4.80000e+00
-4.40000e+00
-4.80000e+00
-4.40000e+00
-4.80000e+00
-4.40000e+00
-4.80000e+00
-4.40000e+00
-4.80000e+00
-4.40000e+00
-4.80000e+00
-4.40000e+00
-4.80000e+00
-4.40000e+00
-4.80000e+00
-4.40000e+00
-4.80000e+00
-4.40000e+00
-4.80000e+00
-4.40000e+00
-4.80000e+00
-4.40000e+00
-4.80000e+00
-4.40000e+00
-4.80000e+00
-4.40000e+00
-4.80000e+00
-4.80000e+00
-4.40000e+00
-4.00000e+00
-4.00000e+00
-4.00000e+00
-4.00000e+00
-4.00000e+00
-4.00000e+00
-4.00000e+00
-4.00000e+00
-4.00000e+00
-4.00000e+00
-4.00000e+00
-4.00000e+00
-4.00000e+00
-4.00000e+00
-4.00000e+00
-4.00000e+00
-4.00000e+00
-4.00000e+00
-4.00000e+00
-4.00000e+00
-4.00000e+00
-4.00000e+00
-4.00000e+00
-4.00000e+00
-4.00000e+00
-3.60000e+00
-3.60000e+00
-3.60000e+00
-3.60000e+00
-3.60000e+00
-3.60000e+00
-3.60000e+00
-3.60000e+00
-3.60000e+00
-3.60000e+00
-3.60000e+00
-3.60000e+00
-3.60000e+00
-3.60000e+00
-3.60000e+00
-3.60000e+00
-3.60000e+00
-3.60000e+00
-3.60000e+00
-3.60000e+00
-3.60000e+00
-3.60000e+00
-3.60000e+00
-3.60000e+00
-3.60000e+00
-3.20000e+00
-3.20000e+00
-3.20000e+00
-3.20000e+00
-3.20000e+00
-3.20000e+00
-3.20000e+00
-3.20000e+00
-3.20000e+00
-3.20000e+00
-3.20000e+00
-3.20000e+00
-3.20000e+00
-3.20000e+00
-3.20000e+00
-3.20000e+00
-3.20000e+00
-3.20000e+00
-3.20000e+00
-3.20000e+00
-3.20000e+00
-3.20000e+00
-3.20000e+00
-3.20000e+00
-3.20000e+00
-2.80000e+00
-2.80000e+00
-2.80000e+00
-2.80000e+00
-2.80000e+00
-2.80000e+00
-2.80000e+00
-2.80000e+00
-2.80000e+00
-2.80000e+00
-2.80000e+00
-2.80000e+00
-2.80000e+00
-2.80000e+00
-2.80000e+00
-2.80000e+00
-2.80000e+00
-2.80000e+00
-2.80000e+00
-2.80000e+00
-2.80000e+00
-2.80000e+00
-2.80000e+00
-2.80000e+00
-2.80000e+00
-2.40000e+00
-2.40000e+00
-2.40000e+00
-2.40000e+00
-2.40000e+00
-2.40000e+00
-2.40000e+00
-2.40000e+00
-2.40000e+00
-2.40000e+00
-2.40000e+00
-2.40000e+00
-2.40000e+00
-2.40000e+00
-2.40000e+00
-2.40000e+00
-2.40000e+00
-2.40000e+00
-2.40000e+00
-2.40000e+00
-2.40000e+00
-2.40000e+00
-2.40000e+00
-2.40000e+00
-2.40000e+00
-2.00000e+00
-2.00000e+00
-2.00000e+00
-2.00000e+00
-2.00000e+00
-2.00000e+00
-2.00000e+00
-2.00000e+00
-2.00000e+00
-2.00000e+00
-2.00000e+00
-2.00000e+00
-2.00000e+00
-2.00000e+00
-2.00000e+00
-2.00000e+00
-2.00000e+00
-2.00000e+00
-2.00000e+00
-2.00000e+00
-2.00000e+00
-2.00000e+00
-2.00000e+00
-2.00000e+00
-2.00000e+00
-1.60000e+00
-1.60000e+00
-1.60000e+00
-1.60000e+00
-1.60000e+00
-1.60000e+00
-1.60000e+00
-1.60000e+00
-1.60000e+00
-1.60000e+00
-1.60000e+00
-1.60000e+00
-1.60000e+00
-1.60000e+00
-1.60000e+00
-1.60000e+00
-1.60000e+00
-1.60000e+00
-1.60000e+00
-1.60000e+00
-1.60000e+00
-1.60000e+00
-1.60000e+00
-1.60000e+00
-1.60000e+00
-1.20000e+00
-1.20000e+00
-1.20000e+00
-1.20000e+00
-1.20000e+00
-1.20000e+00
-1.20000e+00
-1.20000e+00
-1.20000e+00
-1.20000e+00
-1.20000e+00
-1.20000e+00
-1.20000e+00
-1.20000e+00
-1.20000e+00
-1.20000e+00
-1.20000e+00
-1.20000e+00
-1.20000e+00
-1.20000e+00
-1.20000e+00
-1.20000e+00
-1.20000e+00
-1.20000e+00
-1.20000e+00
-8.00000e-01
-8.00000e-01
-8.00000e-01
-8.00000e-01
-8.00000e-01
-8.00000e-01
-8.00000e-01
-8.00000e-01
-8.00000e-01
-8.00000e-01
-8.00000e-01
-8.00000e-01
-8.00000e-01
-8.00000e-01
-8.00000e-01
-8.00000e-01
-8.00000e-01
-8.00000e-01
-8.00000e-01
-8.00000e-01
-8.00000e-01
-8.00000e-01
-8.00000e-01
-8.00000e-01
-8.00000e-01
-4.00000e-01
-4.00000e-01
-4.00000e-01
-4.00000e-01
-4.00000e-01
-4.00000e-01
-4.00000e-01
-4.00000e-01
-4.00000e-01
-4.00000e-01
-4.00000e-01
-4.00000e-01
-4.00000e-01
-4.00000e-01
-4.00000e-01
-4.00000e-01
-4.00000e-01
-4.00000e-01
-4.00000e-01
-4.00000e-01
-4.00000e-01
-4.00000e-01
-4.00000e-01
-4.00000e-01
-4.00000e-01
 0.00000e+00
 0.00000e+00
 0.00000e+00
 0.00000e+00
 0.00000e+00
 0.00000e+00
 0.00000e+00
 0.00000e+00
-3.70074e-17
 0.00000e+00
 0.00000e+00
-3.70074e-17
 0.00000e+00
 0.00000e+00
 3.70074e-17
 0.00000e+00
-3.70074e-17
-3.70074e-17
-3.70074e-17
 3.70074e-17
 0.00000e+00
 5.55112e-17
-2.77556e-17
-5.78241e-17
 0.00000e+00
 4.00000e-01
 4.00000e-01
 4.00000e-01
 4.00000e-01
 4.00000e-01
 4.00000e-01
 4.00000e-01
 4.00000e-01
 4.00000e-01
 4.00000e-01
 4.00000e-01
 4.00000e-01
 4.00000e-01
 4.00000e-01
 4.00000e-01
 4.00000e-01
 4.00000e-01
 4.00000e-01
 4.00000e-01
 4.00000e-01
 4.00000e-01
 4.00000e-01
 4.00000e-01
 4.00000e-01
 4.00000e-01
 8.00000e-01
 8.00000e-01
 8.00000e-01
 8.00000e-01
 8.00000e-01
 8.00000e-01
 8.00000e-01
 8.00000e-01
 8.00000e-01
 8.00000e-01
 8.00000e-01
 8.00000e-01
 8.00000e-01
 8.00000e-01
 8.00000e-01
 8.00000e-01
 8.00000e-01
 8.00000e-01
 8.00000e-01
 8.00000e-01
 8.00000e-01
 8.00000e-01
 8.00000e-01
 8.00000e-01
 8.00000e-01
 1.20000e+00
 1.20000e+00
 1.20000e+00
 1.20000e+00
 1.20000e+00
 1.20000e+00
 1.20000e+00
 1.20000e+00
 1.20000e+00
 1.20000e+00
 1.20000e+00
 1.20000e+00
 1.20000e+00
 1.20000e+00
 1.20000e+00
 1.20000e+00
 1.20000e+00
 1.20000e+00
 1.20000e+00
 1.20000e+00
 1.20000e+00
 1.20000e+00
 1.20000e+00
 1.20000e+00
 1.20000e+00
 1.60000e+00
 1.60000e+00
 1.60000e+00
 1.60000e+00
 1.60000e+00
 1.60000e+00
 1.60000e+00
 1.60000e+00
 1.60000e+00
 1.60000e+00
 1.60000e+00
 1.60000e+00
 1.60000e+00
 1.60000e+00
 1.60000e+00
 1.60000e+00
 1.60000e+00
 1.60000e+00
 1.60000e+00
 1.60000e+00
 1.60000e+00
 1.60000e+00
 1.60000e+00
 1.60000e+00
 1.60000e+00
 2.00000e+00
 2.00000e+00
 2.00000e+00
 2.00000e+00
 2.00000e+00
 2.00000e+00
 2.00000e+00
 2.00000e+00
 2.00000e+00
 2.00000e+00
 2.00000e+00
 2.00000e+00
 2.00000e+00
 2.00000e+00
 2.00000e+00
 2.00000e+00
 2.00000e+00
 2.00000e+00
 2.00000e+00
 2.00000e+00
 2.00000e+00
 2.00000e+00
 2.00000e+00
 2.00000e+00
 2.00000e+00
 2.40000e+00
 2.40000e+00
 2.40000e+00
 2.40000e+00
 2.40000e+00
 2.40000e+00
 2.40000e+00
 2.40000e+00
 2.40000e+00
 2.40000e+00
 2.40000e+00
 2.40000e+00
 2.40000e+00
 2.40000e+00
 2.40000e+00
 2.40000e+00
 2.40000e+00
 2.40000e+00
 2.40000e+00
 2.40000e+00
 2.40000e+00
 2.40000e+00
 2.40000e+00
 2.40000e+00
 2.40000e+00
 2.80000e+00
 2.80000e+00
 2.80000e+00
 2.80000e+00
 2.80000e+00
 2.80000e+00
 2.80000e+00
 2.80000e+00
 2.80000e+00
 2.80000e+00
 2.80000e+00
 2.80000e+00
 2.80000e+00
 2.80000e+00
 2.80000e+00
 2.80000e+00
 2.80000e+00
 2.80000e+00
 2.80000e+00
 2.80000e+00
 2.80000e+00
 2.80000e+00
 2.80000e+00
 2.80000e+00
 2.80000e+00
 3.20000e+00
 3.20000e+00
 3.20000e+00
 3.20000e+00
 3.20000e+00
 3.20000e+00
 3.20000e+00
 3.20000e+00
 3.20000e+00
 3.20000e+00
 3.20000e+00
 3.20000e+00
 3.20000e+00
 3.20000e+00
 3.20000e+00
 3.20000e+00
 3.20000e+00
 3.20000e+00
 3.20000e+00
 3.20000e+00
 3.20000e+00
 3.20000e+00
 3.20000e+00
 3.20000e+00
 3.20000e+00
 3.60000e+00
 3.60000e+00
 3.60000e+00
 3.60000e+00
 3.60000e+00
 3.60000e+00
 3.60000e+00
 3.60000e+00
 3.60000e+00
 3.60000e+00
 3.60000e+00
 3.60000e+00
 3.60000e+00
 3.60000e+00
 3.60000e+00
 3.60000e+00
 3.60000e+00
 3.60000e+00
 3.60000e+00
 3.60000e+00
 3.60000e+00
 3.60000e+00
 3.60000e+00
 3.60000e+00
 3.60000e+00
 4.00000e+00
 4.00000e+00
 4.00000e+00
 4.00000e+00
 4.00000e+00
 4.00000e+00
 4.00000e+00
 4.00000e+00
 4.00000e+00
 4.00000e+00
 4.00000e+00
 4.00000e+00
 4.00000e+00
 4.00000e+00
 4.00000e+00
 4.00000e+00
 4.00000e+00
 4.00000e+00
 4.00000e+00
 4.00000e+00
 4.00000e+00
 4.00000e+00
 4.00000e+00
 4.00000e+00
 4.00000e+00
 4.40000e+00
 4.40000e+00
 4.40000e+00
 4.40000e+00
 4.40000e+00
 4.40000e+00
 4.40000e+00
 4.40000e+00
 4.40000e+00
 4.40000e+00
 4.40000e+00
 4.40000e+00
 4.40000e+00
 4.40000e+00
 4.40000e+00
 4.40000e+00
 4.40000e+00
 4.40000e+00
 4.40000e+00
 4.40000e+00
 4.40000e+00
 4.40000e+00
 4.40000e+00
 4.40000e+00
 4.40000e+00
 4.80000e+00
 4.80000e+00
 4.80000e+00
 4.80000e+00
 4.80000e+00
 4.80000e+00
 4.80000e+00
 4.80000e+00
 4.80000e+00
 4.80000e+00
 4.80000e+00
 4.80000e+00
 4.80000e+00
 4.80000e+00
 4.80000e+00
 4.80000e+00
 4.80000e+00
 4.80000e+00
 4.80000e+00
 4.80000e+00
 4.80000e+00
 4.80000e+00
 4.80000e+00
 4.80000e+00
 4.80000e+00
 0.00000e+00
 0.00000e+00
 0.00000e+00
 0.00000e+00
 0.00000e+00
 0.00000e+00
 0.00000e+00
 0.00000e+00
 0.00000e+00
 0.00000e+00
 0.00000e+00
 0.00000e+00
 0.00000e+00
 0.00000e+00
 0.00000e+00
 0.00000e+00
 0.00000e+00
 0.00000e+00
 0.00000e+00
 0.00000e+00
 0.00000e+00
 0.00000e+00
 0.00000e+00
 0.00000e+00
 0.00000e+00
 0.00000e+00
 0.00000e+00
 0.00000e+00
 0.00000e+00
 0.00000e+00
 0.00000e+00
 0.00000e+00
 0.00000e+00
 0.00000e+00
 0.00000e+00
 0.00000e+00
 0.00000e+00
 0.00000e+00
 0.00000e+00
 0.00000e+00
 0.00000e+00
 0.00000e+00
 0.00000e+00
 0.00000e+00
 0.00000e+00
 0.00000e+00
 0.00000e+00
 0.00000e+00
 0.00000e+00
 0.00000e+00
 0.00000e+00
 0.00000e+00
 0.00000e+00
 0.00000e+00
 0.00000e+00
 0.00000e+00
 0.00000e+00
 0.00000e+00
 0.00000e+00
 0.00000e+00
 0.00000e+00
 0.00000e+00
 0.00000e+00
 0.00000e+00
 0.00000e+00
 0.00000e+00
 0.00000e+00
 0.00000e+00
 0.00000e+00
 0.00000e+00
 0.00000e+00
 0.00000e+00
 0.00000e+00
 0.00000e+00
 0.00000e+00
 0.00000e+00
 0.00000e+00
 0.00000e+00
 0.00000e+00
 0.00000e+00
 0.00000e+00
 0.00000e+00
 0.00000e+00
 0.00000e+00
 0.00000e+00
 0.00000e+00
 0.00000e+00
 0.00000e+00
 0.00000e+00
 0.00000e+00
 0.00000e+00
 0.00000e+00
 0.00000e+00
 0.00000e+00
 0.00000e+00
 0.00000e+00
 0.00000e+00
 0.00000e+00
 0.00000e+00
 0.00000e+00
 0.00000e+00
 0.00000e+00
 0.00000e+00
 0.00000e+00
 0.00000e+00
 0.00000e+00
 0.00000e+00
 0.00000e+00
 0.00000e+00
 0.00000e+00
 0.00000e+00
 0.00000e+00
 0.00000e+00
 0.00000e+00
 0.00000e+00
 0.00000e+00
 0.00000e+00
 0.00000e+00
 0.00000e+00
 0.00000e+00
 0.00000e+00
 0.00000e+00
 0.00000e+00
 0.00000e+00
 0.00000e+00
 0.00000e+00
 0.00000e+00
 0.00000e+00
 0.00000e+00
 0.00000e+00
 0.00000e+00
 0.00000e+00
 0.00000e+00
 0.00000e+00
 0.00000e+00
 0.00000e+00
 0.00000e+00
 0.00000e+00
 0.00000e+00
 0.00000e+00
 0.00000e+00
 0.00000e+00
 0.00000e+00
 0.00000e+00
 0.00000e+00
 0.00000e+00
 0.00000e+00
 0.00000e+00
 0.00000e+00
 0.00000e+00
 0.00000e+00
 0.00000e+00
 0.00000e+00
 0.00000e+00
 0.00000e+00
 0.00000e+00
 0.00000e+00
 0.00000e+00
 0.00000e+00
 0.00000e+00
 0.00000e+00
 0.00000e+00
 0.00000e+00
 0.00000e+00
 0.00000e+00
 0.00000e+00
 0.00000e+00
 0.00000e+00
 0.00000e+00
 0.00000e+00
 0.00000e+00
 0.00000e+00
 0.00000e+00
 0.00000e+00
 0.00000e+00
 0.00000e+00
 0.00000e+00
 0.00000e+00
 0.00000e+00
 0.00000e+00
 0.00000e+00
 0.00000e+00
 0.00000e+00
 0.00000e+00
 0.00000e+00
 0.00000e+00
 0.00000e+00
 0.00000e+00
 0.00000e+00
 0.00000e+00
 0.00000e+00
 0.00000e+00
 0.00000e+00
 0.00000e+00
 0.00000e+00
 0.00000e+00
 0.00000e+00
 0.00000e+00
 0.00000e+00
 0.00000e+00
 0.00000e+00
 0.00000e+00
 0.00000e+00
 0.00000e+00
 0.00000e+00
 0.00000e+00
 0.00000e+00
 0.00000e+00
 0.00000e+00
 0.00000e+00
 0.00000e+00
 0.00000e+00
 0.00000e+00
 0.00000e+00
 0.00000e+00
 0.00000e+00
 0.00000e+00
 0.00000e+00
 0.00000e+00
 0.00000e+00
 0.00000e+00
 0.00000e+00
 0.00000e+00
 0.00000e+00
 0.00000e+00
 0.00000e+00
 0.00000e+00
 0.00000e+00
 0.00000e+00
 0.00000e+00
 0.00000e+00
 0.00000e+00
 0.00000e+00
 0.00000e+00
 0.00000e+00
 0.00000e+00
 0.00000e+00
 0.00000e+00
 0.00000e+00
 0.00000e+00
 0.00000e+00
 0.00000e+00
 0.00000e+00
 0.00000e+00
 0.00000e+00
 0.00000e+00
 0.00000e+00
 0.00000e+00
 0.00000e+00
 0.00000e+00
 0.00000e+00
 0.00000e+00
 0.00000e+00
 0.00000e+00
 0.00000e+00
 0.00000e+00
 0.00000e+00
 0.00000e+00
 0.00000e+00
 0.00000e+00
 0.00000e+00
 0.00000e+00
 0.00000e+00
 0.00000e+00
 0.00000e+00
 0.00000e+00
 0.00000e+00
 0.00000e+00
 0.00000e+00
 0.00000e+00
 0.00000e+00
 0.00000e+00
 0.00000e+00
 0.00000e+00
 0.00000e+00
 0.00000e+00
 0.00000e+00
 0.00000e+00
 0.00000e+00
 0.00000e+00
 0.00000e+00
 0.00000e+00
 0.00000e+00
 0.00000e+00
 0.00000e+00
 0.00000e+00
 0.00000e+00
 0.00000e+00
 0.00000e+00
 0.00000e+00
 0.00000e+00
 0.00000e+00
 0.00000e+00
 0.00000e+00
 0.00000e+00
 0.00000e+00
 0.00000e+00
 0.00000e+00
 0.00000e+00
 0.00000e+00
 0.00000e+00
 0.00000e+00
 0.00000e+00
 0.00000e+00
 0.00000e+00
 0.00000e+00
 0.00000e+00
 0.00000e+00
 0.00000e+00
 0.00000e+00
 0.00000e+00
 0.00000e+00
 0.00000e+00
 0.00000e+00
 0.00000e+00
 0.00000e+00
 0.00000e+00
 0.00000e+00
 0.00000e+00
 0.00000e+00
 0.00000e+00
 0.00000e+00
 0.00000e+00
 0.00000e+00
 0.00000e+00
 0.00000e+00
 0.00000e+00
 0.00000e+00
 0.00000e+00
 0.00000e+00
 0.00000e+00
 0.00000e+00
 0.00000e+00
 0.00000e+00
 0.00000e+00
 0.00000e+00
 0.00000e+00
 0.00000e+00
 0.00000e+00
 0.00000e+00
 0.00000e+00
 0.00000e+00
 0.00000e+00
 0.00000e+00
 0.00000e+00
 0.00000e+00
 0.00000e+00
 0.00000e+00
 0.00000e+00
 0.00000e+00
 0.00000e+00
 0.00000e+00
 0.00000e+00
 0.00000e+00
 0.00000e+00
 0.00000e+00
 0.00000e+00
 0.00000e+00
 0.00000e+00
 0.00000e+00
 0.00000e+00
 0.00000e+00
 0.00000e+00
 0.00000e+00
 0.00000e+00
 0.00000e+00
 0.00000e+00
 0.00000e+00
 0.00000e+00
 0.00000e+00
 0.00000e+00
 0.00000e+00
 0.00000e+00
 0.00000e+00
 0.00000e+00
 0.00000e+00
 0.00000e+00
 0.00000e+00
 0.00000e+00
 0.00000e+00
 0.00000e+00
 0.00000e+00
 0.00000e+00
 0.00000e+00
 0.00000e+00
 0.00000e+00
 0.00000e+00
 0.00000e+00
 0.00000e+00
 0.00000e+00
 0.00000e+00
 0.00000e+00
 0.00000e+00
 0.00000e+00
 0.00000e+00
 0.00000e+00
 0.00000e+00
 0.00000e+00
 0.00000e+00
 0.00000e+00
 0.00000e+00
 0.00000e+00
 0.00000e+00
 0.00000e+00
 0.00000e+00
 0.00000e+00
 0.00000e+00
 0.00000e+00
 0.00000e+00
 0.00000e+00
 0.00000e+00
 0.00000e+00
 0.00000e+00
 0.00000e+00
 0.00000e+00
 0.00000e+00
 0.00000e+00
 0.00000e+00
 0.00000e+00
 0.00000e+00
 0.00000e+00
 0.00000e+00
 0.00000e+00
 0.00000e+00
 0.00000e+00
 0.00000e+00
 0.00000e+00
 0.00000e+00
 0.00000e+00
 0.00000e+00
 0.00000e+00
 0.00000e+00
 0.00000e+00
 0.00000e+00
 0.00000e+00
 0.00000e+00
 0.00000e+00
 0.00000e+00
 0.00000e+00
 0.00000e+00
 0.00000e+00
 0.00000e+00
 0.00000e+00
 0.00000e+00
 0.00000e+00
 0.00000e+00
 0.00000e+00
 0.00000e+00
 0.00000e+00
 0.00000e+00
 0.00000e+00
 0.00000e+00
 0.00000e+00
 0.00000e+00
 0.00000e+00
 0.00000e+00
 0.00000e+00
 0.00000e+00
 0.00000e+00
 0.00000e+00
 0.00000e+00
 0.00000e+00
 0.00000e+00
 0.00000e+00
 0.00000e+00
 0.00000e+00
 0.00000e+00
 0.00000e+00
 0.00000e+00
 0.00000e+00
 0.00000e+00
 0.00000e+00
 0.00000e+00
 0.00000e+00
 0.00000e+00
 0.00000e+00
 0.00000e+00
 0.00000e+00
 0.00000e+00
 0.00000e+00
 0.00000e+00
 0.00000e+00
 0.00000e+00
 0.00000e+00
 0.00000e+00
 0.00000e+00
 0.00000e+00
 0.00000e+00
 0.00000e+00
 0.00000e+00
 0.00000e+00
 0.00000e+00
 0.00000e+00
 0.00000e+00
 0.00000e+00
 0.00000e+00
 0.00000e+00
 0.00000e+00
 0.00000e+00
 0.00000e+00
 0.00000e+00
 0.00000e+00
 0.00000e+00
 0.00000e+00
 0.00000e+00
 0.00000e+00
 0.00000e+00
 0.00000e+00
 0.00000e+00
 0.00000e+00
 0.00000e+00
 0.00000e+00
 0.00000e+00
 0.00000e+00
 0.00000e+00
 0.00000e+00
 0.00000e+00
 0.00000e+00
 0.00000e+00
 0.00000e+00
 0.00000e+00
 0.00000e+00
 0.00000e+00
 0.00000e+00
 0.00000e+00
 0.00000e+00
 0.00000e+00
 0.00000e+00
 0.00000e+00
 0.00000e+00
 0.00000e+00
 0.00000e+00
 0.00000e+00
 0.00000e+00
 0.00000e+00
 0.00000e+00
 0.00000e+00
 0.00000e+00
 0.00000e+00
 0.00000e+00
 0.00000e+00
 0.00000e+00
 0.00000e+00
 0.00000e+00
 0.00000e+00
 0.00000e+00
 0.00000e+00
 0.00000e+00
 0.00000e+00
 0.00000e+00
 0.00000e+00
 0.00000e+00
 0.00000e+00
 0.00000e+00
 0.00000e+00
 0.00000e+00
 0.00000e+00
 0.00000e+00
 0.00000e+00
 0.00000e+00
 0.00000e+00
 0.00000e+00
 0.00000e+00
 0.00000e+00
 0.00000e+00
 0.00000e+00
 0.00000e+00
 0.00000e+00
 0.00000e+00
 0.00000e+00
 0.00000e+00
 0.00000e+00
 0.00000e+00
 0.00000e+00
 0.00000e+00
 0.00000e+00
 0.00000e+00
 0.00000e+00
 0.00000e+00
 0.00000e+00
 0.00000e+00
 0.00000e+00
 0.00000e+00
 0.00000e+00
 0.00000e+00
 0.00000e+00
 0.00000e+00
 0.00000e+00
 0.00000e+00
 0.00000e+00
 0.00000e+00
 0.00000e+00
 0.00000e+00
 0.00000e+00
 0.00000e+00
 0.00000e+00
 0.00000e+00
 0.00000e+00
 0.00000e+00
 0.00000e+00
 0.00000e+00
 0.00000e+00
 0.00000e+00
 0.00000e+00
 0.00000e+00
 0.00000e+00
 0.00000e+00
 0.00000e+00
 0.00000e+00
 0.00000e+00
 0.00000e+00
 0.00000e+00
 0.00000e+00
 0.00000e+00
 0.00000e+00
 0.00000e+00
 0.00000e+00
 0.00000e+00
 0.00000e+00
 0.00000e+00
 0.00000e+00
 0.00000e+00
 0.00000e+00
 0.00000e+00
 0.00000e+00
quad4
       576
         1         2         3         4
         5         1         4         6
         7         5         6         8
         9         7         8        10
        11         9        10        12
        13        11        12        14
        15        13        14        16
        17        15        16        18
        19        17        18        20
        21        19        20        22
        23        21        22        24
        25        23        24        26
        27        25        26        28
        29        27        28        30
        31        29        30        32
        33        31        32        34
        35        33        34        36
        37        35        36        38
        39        37        38        40
        41        39        40        42
        43        41        42        44
        45        43        44        46
        47        45        46        48
        47        48        49        50
        51        52         2         1
        53        51         1         5
        54        53         5         7
        55        54         7         9
        56        55         9        11
        57        56        11        13
        58        57        13        15
        59        58        15        17
        60        59        17        19
        61        60        19        21
        62        61        21        23
        63        62        23        25
        64        63        25        27
        65        64        27        29
        66        65        29        31
        67        66        31        33
        68        67        33        35
        69        68        35        37
        70        69        37        39
        71        70        39        41
        72        71        41        43
        73        72        43        45
        74        73        45        47
        74        47        50        75
        76        77        52        51
        78        76        51        53
        79        78        53        54
        80        79        54        55
        81        80        55        56
        82        81        56        57
        83        82        57        58
        84        83        58        59
        85        84        59        60
        86        85        60        61
        87        86        61        62
        88        87        62        63
        89        88        63        64
        90        89        64        65
        91        90        65        66
        92        91        66        67
        93        92        67        68
        94        93        68        69
        95        94        69        70
        96        95        70        71
        97        96        71        72
        98        97        72        73
        99        98        73        74
        99        74        75       100
       101       102        77        76
       103       101        76        78
       104       103        78        79
       105       104        79        80
       106       105        80        81
       107       106        81        82
       108       107        82        83
       109       108        83        84
       110       109        84        85
       111       110        85        86
       112       111        86        87
       113       112        87        88
       114       113        88        89
       115       114        89        90
       116       115        90        91
       117       116        91        92
       118       117        92        93
       119       118        93        94
       120       119        94        95
       121       120        95        96
       122       121        96        97
       123       122        97        98
       124       123        98        99
       124        99       100       125
       126       127       102       101
       128       126       101       103
       129       128       103       104
       130       129       104       105
       131       130       105       106
       132       131       106       107
       133       132       107       108
       134       133       108       109
       135       134       109       110
       136       135       110       111
       137       136       111       112
       138       137       112       113
       139       138       113       114
       140       139       114       115
       141       140       115       116
       142       141       116       117
       143       142       117       118
       144       143       118       119
       145       144       119       120
       146       145       120       121
       147       146       121       122
       148       147       122       123
       149       148       123       124
       149       124       125       150
       151       152       127       126
       153       151       126       128
       154       153       128       129
       155       154       129       130
       156       155       130       131
       157       156       131       132
       158       157       132       133
       159       158       133       134
       160       159       134       135
       161       160       135       136
       162       161       136       137
       163       162       137       138
       164       163       138       139
       165       164       139       140
       166       165       140       141
       167       166       141       142
       168       167       142       143
       169       168       143       144
       170       169       144       145
       171       170       145       146
       172       171       146       147
       173       172       147       148
       174       173       148       149
       174       149       150       175
       176       177       152       151
       178       176       151       153
       179       178       153       154
       180       179       154       155
       181       180       155       156
       182       181       156       157
       183       182       157       158
       184       183       158       159
       185       184       159       160
       186       185       160       161
       187       186       161       162
       188       187       162       163
       189       188       163       164
       190       189       164       165
       191       190       165       166
       192       191       166       167
       193       192       167       168
       194       193       168       169
       195       194       169       170
       196       195       170       171
       197       196       171       172
       198       197       172       173
       199       198       173       174
       199       174       175       200
       201       202       177       176
       203       201       176       178
       204       203       178       179
       205       204       179       180
       206       205       180       181
       207       206       181       182
       208       207       182       183
       209       208       183       184
       210       209       184       185
       211       210       185       186
       212       211       186       187
       213       212       187       188
       214       213       188       189
       215       214       189       190
       216       215       190       191
       217       216       191       192
       218       217       192       193
       219       218       193       194
       220       219       194       195
       221       220       195       196
       222       221       196       197
       223       222       197       198
       224       223       198       199
       224       199       200       225
       226       227       202       201
       228       226       201       203
       229       228       203       204
       230       229       204       205
       231       230       205       206
       232       231       206       207
       233       232       207       208
       234       233       208       209
       235       234       209       210
       236       235       210       211
       237       236       211       212
       238       237       212       213
       239       238       213       214
       240       239       214       215
       241       240       215       216
       242       241       216       217
       243       242       217       218
       244       243       218       219
       245       244       219       220
       246       245       220       221
       247       246       221       222
       248       247       222       223
       249       248       223       224
       249       224       225       250
       251       252       227       226
       253       251       226       228
       254       253       228       229
       255       254       229       230
       256       255       230       231
       257       256       231       232
       258       257       232       233
       259       258       233       234
       260       259       234       235
       261       260       235       236
       262       261       236       237
       263       262       237       238
       264       263       238       239
       265       264       239       240
       266       265       240       241
       267       266       241       242
       268       267       242       243
       269       268       243       244
       270       269       244       245
       271       270       245       246
       272       271       246       247
       273       272       247       248
       274       273       248       249
       274       249       250       275
       276       277       252       251
       278       276       251       253
       279       278       253       254
       280       279       254       255
       281       280       255       256
       282       281       256       257
       283       282       257       258
       284       283       258       259
       285       284       259       260
       286       285       260       261
       287       286       261       262
       288       287       262       263
       289       288       263       264
       290       289       264       265
       291       290       265       266
       292       291       266       267
       293       292       267       268
       294       293       268       269
       295       294       269       270
       296       295       270       271
       297       296       271       272
       298       297       272       273
       299       298       273       274
       299       274       275       300
       301       302       277       276
       303       301       276       278
       304       303       278       279
       305       304       279       280
       306       305       280       281
       307       306       281       282
       308       307       282       283
       309       308       283       284
       310       309       284       285
       311       310       285       286
       312       311       286       287
       313       312       287       288
       314       313       288       289
       315       314       289       290
       316       315       290       291
       317       316       291       292
       318       317       292       293
       319       318       293       294
       320       319       294       295
       321       320       295       296
       322       321       296       297
       323       322       297       298
       324       323       298       299
       324       299       300       325
       326       327       302       301
       328       326       301       303
       329       328       303       304
       330       329       304       305
       331       330       305       306
       332       331       306       307
       333       332       307       308
       334       333       308       309
       335       334       309       310
       336       335       310       311
       337       336       311       312
       338       337       312       313
       339       338       313       314
       340       339       314       315
       341       340       315       316
       342       341       316       317
       343       342       317       318
       344       343       318       319
       345       344       319       320
       346       345       320       321
       347       346       321       322
       348       347       322       323
       349       348       323       324
       349       324       325       350
       351       352       327       326
       353       351       326       328
       354       353       328       329
       355       354       329       330
       356       355       330       331
       357       356       331       332
       358       357       332       333
       359       358       333       334
       360       359       334       335
       361       360       335       336
       362       361       336       337
       363       362       337       338
       364       363       338       339
       365       364       339       340
       366       365       340       341
       367       366       341       342
       368       367       342       343
       369       368       343       344
       370       369       344       345
       371       370       345       346
       372       371       346       347
       373       372       347       348
       374       373       348       349
       374       349       350       375
       376       377       352       351
       378       376       351       353
       379       378       353       354
       380       379       354       355
       381       380       355       356
       382       381       356       357
       383       382       357       358
       384       383       358       359
       385       384       359       360
       386       385       360       361
       387       386       361       362
       388       387       362       363
       389       388       363       364
       390       389       364       365
       391       390       365       366
       392       391       366       367
       393       392       367       368
       394       393       368       369
       395       394       369       370
       396       395       370       371
       397       396       371       372
       398       397       372       373
       399       398       373       374
       399       374       375       400
       401       402       377       376
       403       401       376       378
       404       403       378       379
       405       404       379       380
       406       405       380       381
       407       406       381       382
       408       407       382       383
       409       408       383       384
       410       409       384       385
       411       410       385       386
       412       411       386       387
       413       412       387       388
       414       413       388       389
       415       414       389       390
       416       415       390       391
       417       416       391       392
       418       417       392       393
       419       418       393       394
       420       419       394       395
       421       420       395       396
       422       421       396       397
       423       422       397       398
       424       423       398       399
       424       399       400       425
       426       427       402       401
       428       426       401       403
       429       428       403       404
       430       429       404       405
       431       430       405       406
       432       431       406       407
       433       432       407       408
       434       433       408       409
       435       434       409       410
       436       435       410       411
       437       436       411       412
       438       437       412       413
       439       438       413       414
       440       439       414       415
       441       440       415       416
       442       441       416       417
       443       442       417       418
       444       443       418       419
       445       444       419       420
       446       445       420       421
       447       446       421       422
       448       447       422       423
       449       448       423       424
       449       424       425       450
       451       452       427       426
       453       451       426       428
       454       453       428       429
       455       454       429       430
       456       455       430       431
       457       456       431       432
       458       457       432       433
       459       458       433       434
       460       459       434       435
       461       460       435       436
       462       461       436       437
       463       462       437       438
       464       463       438       439
       465       464       439       440
       466       465       440       441
       467       466       441       442
       468       467       442       443
       469       468       443       444
       470       469       444       445
       471       470       445       446
       472       471       446       447
       473       472       447       448
       474       473       448       449
       474       449       450       475
       476       477       452       451
       478       476       451       453
       479       478       453       454
       480       479       454       455
       481       480       455       456
       482       481       456       457
       483       482       457       458
       484       483       458       459
       485       484       459       460
       486       485       460       461
       487       486       461       462
       488       487       462       463
       489       488       463       464
       490       489       464       465
       491       490       465       466
       492       491       466       467
       493       492       467       468
       494       493       468       469
       495       494       469       470
       496       495       470       471
       497       496       471       472
       498       497       472       473
       499       498       473       474
       499       474       475       500
       501       502       477       476
       503       501       476       478
       504       503       478       479
       505       504       479       480
       506       505       480       481
       507       506       481       482
       508       507       482       483
       509       508       483       484
       510       509       484       485
       511       510       485       486
       512       511       486       487
       513       512       487       488
       514       513       488       489
       515       514       489       490
       516       515       490       491
       517       516       491       492
       518       517       492       493
       519       518       493       494
       520       519       494       495
       521       520       495       496
       522       521       496       497
       523       522       497       498
       524       523       498       499
       524       499       500       525
       526       527       502       501
       528       526       501       503
       529       528       503       504
       530       529       504       505
       531       530       505       506
       532       531       506       507
       533       532       507       508
       534       533       508       509
       535       534       509       510
       536       535       510       511
       537       536       511       512
       538       537       512       513
       539       538       513       514
       540       539       514       515
       541       540       515       516
       542       541       516       517
       543       542       517       518
       544       543       518       519
       545       544       519       520
       546       545       520       521
       547       546       521       522
       548       547       522       523
       549       548       523       524
       549       524       525       550
       551       552       527       526
       553       551       526       528
       554       553       528       529
       555       554       529       530
       556       555       530       531
       557       556       531       532
       558       557       532       533
       559       558       533       534
       560       559       534       535
       561       560       535       536
       562       561       536       537
       563       562       537       538
       564       563       538       539
       565       564       539       540
       566       565       540       541
       567       566       541       542
       568       567       542       543
       569       568       543       544
       570       569       544       545
       571       570       545       546
       572       571       546       547
       573       572       547       548
       574       573       548       549
       574       549       550       575
       576       577       552       551
       578       576       551       553
       579       578       553       554
       580       579       554       555
       581       580       555       556
       582       581       556       557
       583       582       557       558
       584       583       558       559
       585       584       559       560
       586       585       560       561
       587       586       561       562
       588       587       562       563
       589       588       563       564
       590       589       564       565
       591       590       565       566
       592       591       566       567
       593       592       567       568
       594       593       568       569
       595       594       569       570
       596       595       570       571
       597       596       571       572
       598       597       572       573
       599       598       573       574
       599       574       575       600
       601       602       577       576
       603       601       576       578
       604       603       578       579
       605       604       579       580
       606       605       580       581
       607       606       581       582
       608       607       582       583
       609       608       583       584
       610       609       584       585
       611       610       585       586
       612       611       586       587
       613       612       587       588
       614       613       588       589
       615       614       589       590
       616       615       590       591
       617       616       591       592
       618       617       592       593
       619       618       593       594
       620       619       594       595
       621       620       595       596
       622       621       596       597
       623       622       597       598
       624       623       598       599
       624       599       600       625
