scalar
part
         1
coordinates
 3.22165e+05
 3.86724e+05
 3.86724e+05
 0.00000e+00
 3.86724e+05
 0.00000e+00
 3.86724e+05
 0.00000e+00
 3.86724e+05
 0.00000e+00
 3.86724e+05
 0.00000e+00
 3.86724e+05
 0.00000e+00
 8.58700e-11
 3.86724e+05
 0.00000e+00
 3.86724e+05
 0.00000e+00
 3.86724e+05
 0.00000e+00
 3.86724e+05
 0.00000e+00
 3.86724e+05
 0.00000e+00
 3.86724e+05
 0.00000e+00
 3.86724e+05
 0.00000e+00
 3.86724e+05
 0.00000e+00
 3.86724e+05
 0.00000e+00
 3.86724e+05
 0.00000e+00
 3.86724e+05
 0.00000e+00
 3.86724e+05
 0.00000e+00
 3.86724e+05
 0.00000e+00
 0.00000e+00
 3.86724e+05
 0.00000e+00
 3.86724e+05
 0.00000e+00
 3.86724e+05
 0.00000e+00
 3.86724e+05
 0.00000e+00
 3.86724e+05
 3.81339e-26
 1.27072e-25
 3.86724e+05
 3.86724e+05
 0.00000e+00
 3.86724e+05
 4.29350e-11
 3.86724e+05
 0.00000e+00
 3.86724e+05
 0.00000e+00
 3.86724e+05
-8.58700e-11
 3.86724e+05
 0.00000e+00
 3.86724e+05
 3.86724e+05
 0.00000e+00
 8.00439e-25
 3.86724e+05
 1.93362e+05
 8.58700e-11
 0.00000e+00
 3.86724e+05
 3.86724e+05
 1.28805e-10
 3.86724e+05
 0.00000e+00
 3.86724e+05
 0.00000e+00
 3.86724e+05
 0.00000e+00
 3.86724e+05
 0.00000e+00
 3.86724e+05
 0.00000e+00
 3.86724e+05
 0.00000e+00
 3.86724e+05
 0.00000e+00
 3.86724e+05
 0.00000e+00
 3.86724e+05
-8.58700e-11
 3.86724e+05
 0.00000e+00
 3.86724e+05
 0.00000e+00
 3.86724e+05
 1.28805e-10
 3.86724e+05
 0.00000e+00
 3.86724e+05
 0.00000e+00
 3.86724e+05
 1.28908e+05
 0.00000e+00
 3.86724e+05
 3.86724e+05
-8.58700e-11
 3.86724e+05
 0.00000e+00
 3.86724e+05
 0.00000e+00
 1.93362e+05
-8.58700e-11
 3.86724e+05
 0.00000e+00
 4.29350e-11
 3.86724e+05
 0.00000e+00
 3.86724e+05
 0.00000e+00
 3.86724e+05
 0.00000e+00
 3.86724e+05
 0.00000e+00
 3.86724e+05
 3.86724e+05
 1.93362e+05
 3.86724e+05
 0.00000e+00
-1.90670e-26
 3.86724e+05
 1.44841e-24
-1.40394e-24
 1.93362e+05
-8.58700e-11
 3.86724e+05
 3.86724e+05
 0.00000e+00
 3.86724e+05
 1.93362e+05
-8.58700e-11
 3.86724e+05
 0.00000e+00
 3.86724e+05
 0.00000e+00
 9.66810e+04
-8.58700e-11
 3.86724e+05
 3.86724e+05
 0.00000e+00
 3.86724e+05
 0.00000e+00
 3.86724e+05
 0.00000e+00
 1.65739e+05
 0.00000e+00
 1.65739e+05
 0.00000e+00
 3.86724e+05
 3.86724e+05
 0.00000e+00
 3.86724e+05
 1.37853e-24
 3.86724e+05
 3.86724e+05
 0.00000e+00
 0.00000e+00
 3.86724e+05
 0.00000e+00
 3.86724e+05
 0.00000e+00
 3.86724e+05
-4.29350e-10
 0.00000e+00
 3.86724e+05
 3.86724e+05
 3.22165e+05
 3.86724e+05
 3.86724e+05
 3.86724e+05
 0.00000e+00
 3.86724e+05
-8.58700e-11
 3.86724e+05
 0.00000e+00
 3.86724e+05
 0.00000e+00
 3.86724e+05
 3.86724e+05
 0.00000e+00
 3.86724e+05
 0.00000e+00
 3.86724e+05
 3.86724e+05
 0.00000e+00
 3.86724e+05
 3.86724e+05
 3.86724e+05
 3.86724e+05
 0.00000e+00
 3.86724e+05
-8.58700e-11
-8.58700e-11
 3.86724e+05
 0.00000e+00
 3.86724e+05
 0.00000e+00
 3.86724e+05
 3.86724e+05
 3.86724e+05
 3.86724e+05
 3.86724e+05
 3.86724e+05
 0.00000e+00
 3.86724e+05
-8.58700e-11
 3.86724e+05
 0.00000e+00
 3.86724e+05
 0.00000e+00
 3.86724e+05
-8.58700e-11
 3.86724e+05
 0.00000e+00
 1.34045e+05
 1.34045e+05
 1.34045e+05
 1.34045e+05
 1.34045e+05
 1.34045e+05
 1.34045e+05
 1.34045e+05
 1.34045e+05
 1.34045e+05
 1.34045e+05
 1.34045e+05
 1.34045e+05
 1.34045e+05
 1.34045e+05
 1.34045e+05
 1.34045e+05
 1.34045e+05
 1.34045e+05
 1.34045e+05
 1.34045e+05
 2.60385e+05
 1.34045e+05
 1.34045e+05
 1.34045e+05
 1.34045e+05
 1.34045e+05
 1.34045e+05
 1.34045e+05
 2.60385e+05
 1.34045e+05
 1.34045e+05
 1.34045e+05
 2.60385e+05
 1.34045e+05
 1.34045e+05
 1.34045e+05
 1.34045e+05
 1.34045e+05
 1.34045e+05
 1.34045e+05
 1.34045e+05
 1.34045e+05
 1.34045e+05
 1.34045e+05
 1.34045e+05
 1.34045e+05
 1.34045e+05
 1.34045e+05
 1.34045e+05
 1.34045e+05
 1.34045e+05
 1.34045e+05
 1.34045e+05
 1.34045e+05
 1.34045e+05
 2.18272e+05
 1.34045e+05
 1.34045e+05
 1.34045e+05
 1.34045e+05
 2.60385e+05
 1.34045e+05
 1.34045e+05
 2.60385e+05
 1.34045e+05
 1.34045e+05
 3.02498e+05
 1.34045e+05
 2.60385e+05
 2.60385e+05
 1.34045e+05
 1.34045e+05
 2.60385e+05
 1.34045e+05
 1.34045e+05
 2.60385e+05
 1.34045e+05
 1.34045e+05
 1.34045e+05
 1.97215e+05
 1.34045e+05
 1.34045e+05
 1.34045e+05
 1.34045e+05
 2.42336e+05
 1.34045e+05
 2.42336e+05
 1.34045e+05
 1.34045e+05
 1.34045e+05
 1.34045e+05
 1.34045e+05
 1.34045e+05
 1.34045e+05
 1.34045e+05
 1.34045e+05
 1.34045e+05
 1.34045e+05
 1.34045e+05
 1.34045e+05
 1.34045e+05
 1.34045e+05
 1.34045e+05
 1.34045e+05
 1.34045e+05
 1.34045e+05
 1.34045e+05
 1.34045e+05
 1.34045e+05
 1.34045e+05
 1.34045e+05
 1.34045e+05
 1.34045e+05
 1.34045e+05
 1.34045e+05
 1.34045e+05
 1.34045e+05
 1.34045e+05
 1.42421e+05
 1.42421e+05
 1.42421e+05
 1.42421e+05
 1.42421e+05
 1.42421e+05
 1.42421e+05
 1.42421e+05
 1.42421e+05
 1.42421e+05
 1.42421e+05
 1.42421e+05
 1.42421e+05
 1.42421e+05
 1.42421e+05
 1.42421e+05
 1.42421e+05
 1.42421e+05
 1.42421e+05
 1.42421e+05
 1.42421e+05
 1.42421e+05
 1.42421e+05
 1.42421e+05
 1.38233e+05
 1.42421e+05
 1.42421e+05
 1.42421e+05
 1.42421e+05
 1.42421e+05
 1.42421e+05
 1.42421e+05
 1.42421e+05
 1.42421e+05
 1.42421e+05
 1.42421e+05
 1.42421e+05
 1.42421e+05
 1.42421e+05
 1.42421e+05
 1.42421e+05
 1.42421e+05
 1.42421e+05
 1.42421e+05
 1.42421e+05
 1.42421e+05
 1.42421e+05
 1.42421e+05
 1.42421e+05
 1.42421e+05
 1.42421e+05
 1.42421e+05
 1.42421e+05
 1.42421e+05
 1.42421e+05
 1.42421e+05
 1.42421e+05
 1.42421e+05
 1.42421e+05
 1.42421e+05
 1.42421e+05
 1.42421e+05
 1.42421e+05
 1.42421e+05
 1.42421e+05
 1.42421e+05
 1.42421e+05
 1.42421e+05
 1.38233e+05
 1.42421e+05
 1.42421e+05
 1.42421e+05
 1.42421e+05
 1.42421e+05
 1.42421e+05
 1.42421e+05
 1.42421e+05
 1.42421e+05
 1.42421e+05
 1.42421e+05
 1.42421e+05
 1.42421e+05
 1.42421e+05
 1.42421e+05
 1.42421e+05
 1.42421e+05
 1.42421e+05
 1.42421e+05
 1.42421e+05
 1.42421e+05
 1.42421e+05
 1.42421e+05
 1.42421e+05
 1.42421e+05
 1.42421e+05
 1.42421e+05
 1.42421e+05
 1.42421e+05
 1.42421e+05
 1.42421e+05
 1.42421e+05
 1.42421e+05
 1.42421e+05
 1.42421e+05
 1.42421e+05
 1.42421e+05
 1.42421e+05
 1.42421e+05
 1.48056e+05
 1.48056e+05
 1.48056e+05
 1.48056e+05
 1.48056e+05
 1.48056e+05
 1.48056e+05
 1.48056e+05
 1.48056e+05
 1.48056e+05
 1.48056e+05
 1.48056e+05
 1.48056e+05
 1.48056e+05
 1.48056e+05
 1.48056e+05
 1.48056e+05
 1.48056e+05
 1.48056e+05
 1.48056e+05
 1.45239e+05
 1.48056e+05
 1.48056e+05
 1.48056e+05
 1.48056e+05
 1.48056e+05
 1.48056e+05
 1.48056e+05
 1.48056e+05
 1.48056e+05
 1.45239e+05
 1.48056e+05
 1.48056e+05
 1.48056e+05
 1.48056e+05
 1.48056e+05
 1.48056e+05
 1.48056e+05
 1.48056e+05
 1.48056e+05
 1.48056e+05
 1.48056e+05
 1.48056e+05
 1.48056e+05
 1.48056e+05
 1.48056e+05
 1.48056e+05
 1.48056e+05
 1.48056e+05
 1.48056e+05
 1.48056e+05
 1.48056e+05
 1.48056e+05
 1.48056e+05
 1.48056e+05
 1.45239e+05
 1.48056e+05
 1.48056e+05
 1.48056e+05
 1.48056e+05
 1.45239e+05
 1.48056e+05
 1.48056e+05
 1.48056e+05
 1.48056e+05
 1.48056e+05
 1.48056e+05
 1.43830e+05
 1.48056e+05
 1.48056e+05
 1.48056e+05
 1.48056e+05
 1.48056e+05
 1.48056e+05
 1.48056e+05
 1.48056e+05
 1.48056e+05
 1.48056e+05
 1.48056e+05
 1.48056e+05
 1.48056e+05
 1.48056e+05
 1.48056e+05
 1.48056e+05
 1.48056e+05
 1.48056e+05
 1.48056e+05
 1.48056e+05
 1.48056e+05
 1.48056e+05
 1.48056e+05
 1.48056e+05
 1.48056e+05
 1.48056e+05
 1.48056e+05
 1.48056e+05
 1.48056e+05
 1.48056e+05
 1.48056e+05
 1.48056e+05
 1.48056e+05
 1.48056e+05
 1.48056e+05
 1.48056e+05
 1.48056e+05
 1.48056e+05
 1.48056e+05
 1.48056e+05
 1.48056e+05
 1.51304e+05
 1.51304e+05
 1.51304e+05
 1.51304e+05
 1.51304e+05
 1.51304e+05
 1.51304e+05
 1.51304e+05
 1.51304e+05
 1.51304e+05
 1.51304e+05
 1.51304e+05
 1.51304e+05
 1.51304e+05
 1.51304e+05
 1.51304e+05
 1.51304e+05
 1.51304e+05
 1.49680e+05
 1.51304e+05
 1.51304e+05
 1.51304e+05
 1.51304e+05
 1.51304e+05
 1.51304e+05
 1.51304e+05
 1.51304e+05
 1.51304e+05
 1.51304e+05
 1.51304e+05
 1.49680e+05
 1.51304e+05
 1.51304e+05
 1.51304e+05
 1.51304e+05
 1.51304e+05
 1.51304e+05
 1.51304e+05
 1.51304e+05
 1.51304e+05
 1.51304e+05
 1.51304e+05
 1.51304e+05
 1.51304e+05
 1.51304e+05
 1.51304e+05
 1.51304e+05
 1.51304e+05
 1.51304e+05
 1.51304e+05
 1.51304e+05
 1.51304e+05
 1.51304e+05
 1.51304e+05
 1.51304e+05
 1.51304e+05
 1.51304e+05
 1.51304e+05
 1.51304e+05
 1.51304e+05
 1.51304e+05
 1.51304e+05
 1.51304e+05
 1.49680e+05
 1.51304e+05
 1.51304e+05
 1.51304e+05
 1.49680e+05
 1.51304e+05
 1.49680e+05
 1.51304e+05
 1.51304e+05
 1.51304e+05
 1.49680e+05
 1.51304e+05
 1.51304e+05
 1.51304e+05
 1.51304e+05
 1.50492e+05
 1.51304e+05
 1.51304e+05
 1.51304e+05
 1.51304e+05
 1.51304e+05
 1.51304e+05
 1.51304e+05
 1.51304e+05
 1.51304e+05
 1.51304e+05
 1.51304e+05
 1.51304e+05
 1.51304e+05
 1.51304e+05
 1.51304e+05
 1.51304e+05
 1.51304e+05
 1.51304e+05
 1.51304e+05
 1.51304e+05
 1.51304e+05
 1.51304e+05
 1.51304e+05
 1.51304e+05
 1.51304e+05
 1.51304e+05
 1.51304e+05
 1.51304e+05
 1.51304e+05
 1.51304e+05
 1.51304e+05
 1.51304e+05
 1.51304e+05
 1.51304e+05
 1.51304e+05
 1.51304e+05
 1.51304e+05
 1.51304e+05
 1.51304e+05
 1.51304e+05
 1.51304e+05
 1.52365e+05
 1.52365e+05
 1.52365e+05
 1.52365e+05
 1.52365e+05
 1.52365e+05
 1.52365e+05
 1.52365e+05
 1.52365e+05
 1.52365e+05
 1.52365e+05
 1.52365e+05
 1.52365e+05
 1.52365e+05
 1.52365e+05
 1.52365e+05
 1.52365e+05
 1.52365e+05
 1.52365e+05
 1.52365e+05
 1.52365e+05
 1.52365e+05
 1.52365e+05
 1.52365e+05
 1.52365e+05
 1.52365e+05
 1.52365e+05
 1.52365e+05
 1.52365e+05
 1.51834e+05
 1.52365e+05
 1.52365e+05
 1.52365e+05
 1.52365e+05
 1.52365e+05
 1.52365e+05
 1.52365e+05
 1.52365e+05
 1.52365e+05
 1.52365e+05
 1.51834e+05
 1.52365e+05
 1.52365e+05
 1.52365e+05
 1.52365e+05
 1.52365e+05
 1.52365e+05
 1.52365e+05
 1.52365e+05
 1.52365e+05
 1.52365e+05
 1.52365e+05
 1.52365e+05
 1.52365e+05
 1.52365e+05
 1.52365e+05
 1.52365e+05
 1.52365e+05
 1.52365e+05
 1.52365e+05
 1.52365e+05
 1.52365e+05
 1.51834e+05
 1.52365e+05
 1.52365e+05
 1.52365e+05
 1.52365e+05
 1.52365e+05
 1.52365e+05
 1.51834e+05
 1.51834e+05
 1.52365e+05
 1.52365e+05
 1.52365e+05
 1.51834e+05
 1.52365e+05
 1.52365e+05
 1.52365e+05
 1.52365e+05
 1.52365e+05
 1.52365e+05
 1.52365e+05
 1.52099e+05
 1.52365e+05
 1.52365e+05
 1.52365e+05
 1.52365e+05
 1.52365e+05
 1.52365e+05
 1.52365e+05
 1.52365e+05
 1.52365e+05
 1.52365e+05
 1.52365e+05
 1.52365e+05
 1.52365e+05
 1.52365e+05
 1.52365e+05
 1.52365e+05
 1.52365e+05
 1.52365e+05
 1.52365e+05
 1.52365e+05
 1.52365e+05
 1.52365e+05
 1.52365e+05
 1.52365e+05
 1.52365e+05
 1.52365e+05
 1.52365e+05
 1.52365e+05
 1.52365e+05
 1.52365e+05
 1.51304e+05
 1.51304e+05
 1.51304e+05
 1.51304e+05
 1.51304e+05
 1.51304e+05
 1.51304e+05
 1.51304e+05
 1.51304e+05
 1.51304e+05
 1.51304e+05
 1.51304e+05
 1.51304e+05
 1.51304e+05
 1.51304e+05
 1.51304e+05
 1.51304e+05
 1.51304e+05
 1.51304e+05
 1.51304e+05
 1.51304e+05
 1.51304e+05
 1.51304e+05
 1.51304e+05
 1.51304e+05
 1.51304e+05
 1.51304e+05
 1.51304e+05
 1.51304e+05
 1.51304e+05
 1.51304e+05
 1.51304e+05
 1.51304e+05
 1.51304e+05
 1.51304e+05
 1.51304e+05
 1.51304e+05
 1.51304e+05
 1.51304e+05
 1.51304e+05
 1.51304e+05
 1.51304e+05
 1.51304e+05
 1.51304e+05
 1.51304e+05
 1.51304e+05
 1.51304e+05
 1.51304e+05
 1.51304e+05
 1.51304e+05
 1.51304e+05
 1.51304e+05
 1.51304e+05
 1.51304e+05
 1.51304e+05
 1.51304e+05
 1.51304e+05
 1.51304e+05
 1.51304e+05
 1.51304e+05
 1.51304e+05
 1.51304e+05
 1.51304e+05
 1.51304e+05
 1.51304e+05
 1.51304e+05
 1.51304e+05
 1.51304e+05
 1.51304e+05
 1.51304e+05
 1.51304e+05
 1.51304e+05
 1.51304e+05
 1.51304e+05
 1.51304e+05
 1.51304e+05
 1.51304e+05
 1.51304e+05
 1.51304e+05
 1.51910e+05
 1.51304e+05
 1.51304e+05
 1.51304e+05
 1.51304e+05
 1.51304e+05
 1.51304e+05
 1.51304e+05
 1.51304e+05
 1.51304e+05
 1.51304e+05
 1.51304e+05
 1.51304e+05
 1.51304e+05
 1.51304e+05
 1.51304e+05
 1.51304e+05
 1.51304e+05
 1.51304e+05
 1.51304e+05
 1.51304e+05
 1.51304e+05
 1.51304e+05
 1.51304e+05
 1.51304e+05
 1.51304e+05
 1.51304e+05
 1.51304e+05
 1.51304e+05
 1.48056e+05
 1.48056e+05
 1.48056e+05
 1.48056e+05
 1.48056e+05
 1.48056e+05
 1.48056e+05
 1.48056e+05
 1.48056e+05
 1.48056e+05
 1.48056e+05
 1.48056e+05
 1.48056e+05
 1.48056e+05
 1.48056e+05
 1.48056e+05
 1.48056e+05
 1.48056e+05
 1.48056e+05
 1.48056e+05
 1.48056e+05
 1.48056e+05
 1.49680e+05
 1.48056e+05
 1.48056e+05
 1.48056e+05
 1.48056e+05
 1.48056e+05
 1.48056e+05
 1.48056e+05
 1.48056e+05
 1.48056e+05
 1.48056e+05
 1.48056e+05
 1.48056e+05
 1.48056e+05
 1.48056e+05
 1.48056e+05
 1.48056e+05
 1.48056e+05
 1.48056e+05
 1.48056e+05
 1.48056e+05
 1.48056e+05
 1.48056e+05
 1.48056e+05
 1.48056e+05
 1.48056e+05
 1.48056e+05
 1.48056e+05
 1.48056e+05
 1.48056e+05
 1.48056e+05
 1.48056e+05
 1.48056e+05
 1.48056e+05
 1.48056e+05
 1.48056e+05
 1.48056e+05
 1.48056e+05
 1.48056e+05
 1.48056e+05
 1.48056e+05
 1.48056e+05
 1.48056e+05
 1.48056e+05
 1.48056e+05
 1.48056e+05
 1.48056e+05
 1.48056e+05
 1.48056e+05
 1.48056e+05
 1.48056e+05
 1.48056e+05
 1.48056e+05
 1.48056e+05
 1.48056e+05
 1.48056e+05
 1.48056e+05
 1.48056e+05
 1.48056e+05
 1.48056e+05
 1.48056e+05
 1.48056e+05
 1.48056e+05
 1.48056e+05
 1.48056e+05
 1.48056e+05
 1.48056e+05
 1.48056e+05
 1.48056e+05
 1.48056e+05
 1.48056e+05
 1.48056e+05
 1.48056e+05
 1.48056e+05
 1.48056e+05
 1.48056e+05
 1.48056e+05
 1.48056e+05
 1.48056e+05
 1.48056e+05
 1.48056e+05
 1.48056e+05
 1.48056e+05
 1.42421e+05
 1.42421e+05
 1.42421e+05
 1.42421e+05
 1.42421e+05
 1.42421e+05
 1.42421e+05
 1.42421e+05
 1.42421e+05
 1.42421e+05
 1.42421e+05
 1.42421e+05
 1.42421e+05
 1.42421e+05
 1.42421e+05
 1.42421e+05
 1.42421e+05
 1.42421e+05
 1.42421e+05
 1.42421e+05
 1.42421e+05
 1.42421e+05
 1.42421e+05
 1.42421e+05
 1.45239e+05
 1.42421e+05
 1.42421e+05
 1.42421e+05
 1.42421e+05
 1.42421e+05
 1.42421e+05
 1.42421e+05
 1.42421e+05
 1.42421e+05
 1.42421e+05
 1.42421e+05
 1.42421e+05
 1.42421e+05
 1.42421e+05
 1.42421e+05
 1.42421e+05
 1.42421e+05
 1.42421e+05
 1.42421e+05
 1.42421e+05
 1.42421e+05
 1.42421e+05
 1.42421e+05
 1.42421e+05
 1.42421e+05
 1.42421e+05
 1.42421e+05
 1.42421e+05
 1.42421e+05
 1.42421e+05
 1.42421e+05
 1.42421e+05
 1.42421e+05
 1.42421e+05
 1.42421e+05
 1.42421e+05
 1.42421e+05
 1.42421e+05
 1.42421e+05
 1.42421e+05
 1.42421e+05
 1.42421e+05
 1.42421e+05
 1.42421e+05
 1.42421e+05
 1.42421e+05
 1.42421e+05
 1.42421e+05
 1.42421e+05
 1.42421e+05
 1.42421e+05
 1.42421e+05
 1.42421e+05
 1.42421e+05
 1.42421e+05
 1.42421e+05
 1.44836e+05
 1.42421e+05
 1.42421e+05
 1.42421e+05
 1.42421e+05
 1.42421e+05
 1.42421e+05
 1.42421e+05
 1.42421e+05
 1.42421e+05
 1.42421e+05
 1.42421e+05
 1.42421e+05
 1.42421e+05
 1.42421e+05
 1.42421e+05
 1.42421e+05
 1.42421e+05
 1.42421e+05
 1.42421e+05
 1.42421e+05
 1.42421e+05
 1.42421e+05
 1.42421e+05
 1.42421e+05
 1.42421e+05
 1.42421e+05
 1.34045e+05
 1.34045e+05
 1.34045e+05
 1.34045e+05
 1.34045e+05
 1.34045e+05
 1.34045e+05
 1.34045e+05
 1.34045e+05
 1.34045e+05
 1.34045e+05
 1.34045e+05
 1.34045e+05
 1.34045e+05
 1.34045e+05
 1.34045e+05
 1.34045e+05
 1.34045e+05
 1.34045e+05
 1.34045e+05
 1.34045e+05
 1.34045e+05
 1.34045e+05
 1.34045e+05
 1.34045e+05
 1.34045e+05
 1.34045e+05
 1.34045e+05
 1.34045e+05
 1.34045e+05
 1.34045e+05
 1.34045e+05
 1.34045e+05
 1.34045e+05
 1.34045e+05
 1.34045e+05
 1.34045e+05
 1.34045e+05
 1.34045e+05
 1.34045e+05
 1.34045e+05
 1.34045e+05
 1.34045e+05
 1.34045e+05
 1.34045e+05
 1.34045e+05
 1.34045e+05
 1.34045e+05
 1.34045e+05
 1.34045e+05
 1.34045e+05
 1.34045e+05
 1.34045e+05
 1.34045e+05
 1.34045e+05
 1.34045e+05
 1.34045e+05
 1.34045e+05
 1.34045e+05
 1.34045e+05
 1.34045e+05
 1.34045e+05
 1.34045e+05
 1.34045e+05
 1.34045e+05
 1.34045e+05
 1.34045e+05
 1.34045e+05
 1.34045e+05
 1.34045e+05
 1.34045e+05
 1.34045e+05
 1.34045e+05
 1.34045e+05
 1.34045e+05
 1.40327e+05
 1.34045e+05
 1.34045e+05
 1.34045e+05
 1.34045e+05
 1.34045e+05
 1.34045e+05
 1.34045e+05
 1.34045e+05
 1.34045e+05
 1.34045e+05
 1.34045e+05
 1.34045e+05
 1.34045e+05
 1.34045e+05
 1.34045e+05
 1.34045e+05
 1.34045e+05
 1.34045e+05
 1.34045e+05
 1.34045e+05
 1.34045e+05
 1.34045e+05
 1.34045e+05
 1.34045e+05
 1.34045e+05
 1.34045e+05
 1.34045e+05
 1.34045e+05
 1.34045e+05
 1.34045e+05
 1.34045e+05
 1.34045e+05
 1.34045e+05
 3.86724e+05
 3.86724e+05
 3.86724e+05
 3.86724e+05
 3.86724e+05
 3.86724e+05
 3.86724e+05
 3.86724e+05
 3.86724e+05
 3.86724e+05
 3.86724e+05
 3.86724e+05
 3.86724e+05
 3.86724e+05
 3.86724e+05
 3.86724e+05
 3.86724e+05
 3.86724e+05
 3.86724e+05
 3.86724e+05
 3.86724e+05
 3.86724e+05
 3.86724e+05
 3.86724e+05
 3.86724e+05
 3.86724e+05
 3.86724e+05
 3.86724e+05
 3.86724e+05
 3.86724e+05
 3.86724e+05
 3.86724e+05
 3.86724e+05
 3.86724e+05
 3.86724e+05
 3.86724e+05
 3.86724e+05
 3.86724e+05
 2.60385e+05
 3.86724e+05
 3.86724e+05
 3.86724e+05
 3.86724e+05
 3.86724e+05
 3.86724e+05
 3.86724e+05
 3.86724e+05
 3.86724e+05
 3.86724e+05
 3.86724e+05
 3.86724e+05
 3.86724e+05
 3.86724e+05
 3.86724e+05
 3.86724e+05
 3.86724e+05
 3.86724e+05
 3.86724e+05
 3.86724e+05
 3.86724e+05
 3.86724e+05
 3.86724e+05
 3.86724e+05
 3.86724e+05
 3.86724e+05
 2.60385e+05
 3.86724e+05
 3.86724e+05
 3.86724e+05
 3.86724e+05
 3.86724e+05
 3.86724e+05
 3.86724e+05
 3.23554e+05
 3.86724e+05
 3.86724e+05
 3.86724e+05
 3.86724e+05
 3.86724e+05
 3.86724e+05
 3.86724e+05
 3.86724e+05
 3.86724e+05
 3.86724e+05
 3.86724e+05
 3.86724e+05
 3.86724e+05
 3.86724e+05
 3.86724e+05
 3.86724e+05
 3.86724e+05
 3.86724e+05
 3.86724e+05
 3.86724e+05
 3.86724e+05
 3.86724e+05
 3.86724e+05
 3.86724e+05
 3.86724e+05
 3.86724e+05
 3.86724e+05
 3.86724e+05
 3.86724e+05
 3.86724e+05
 3.86724e+05
 3.86724e+05
 3.86724e+05
 3.22165e+05
 0.00000e+00
 0.00000e+00
 0.00000e+00
 0.00000e+00
 0.00000e+00
 0.00000e+00
 0.00000e+00
 0.00000e+00
 0.00000e+00
 0.00000e+00
 0.00000e+00
 0.00000e+00
 0.00000e+00
 0.00000e+00
 0.00000e+00
 0.00000e+00
 0.00000e+00
 0.00000e+00
 0.00000e+00
 0.00000e+00
 0.00000e+00
 0.00000e+00
 0.00000e+00
 0.00000e+00
 0.00000e+00
 3.81339e-26
 1.65206e-25
 0.00000e+00
 0.00000e+00
 0.00000e+00
 0.00000e+00
 0.00000e+00
 0.00000e+00
 0.00000e+00
 0.00000e+00
 7.11502e-25
 0.00000e+00
 0.00000e+00
 1.93362e+05
-1.27072e-25
 0.00000e+00
 0.00000e+00
 0.00000e+00
 0.00000e+00
 0.00000e+00
 0.00000e+00
 0.00000e+00
 0.00000e+00
 0.00000e+00
 0.00000e+00
 0.00000e+00
 0.00000e+00
 0.00000e+00
 0.00000e+00
 0.00000e+00
 0.00000e+00
 0.00000e+00
 0.00000e+00
 0.00000e+00
 0.00000e+00
 0.00000e+00
 0.00000e+00
 0.00000e+00
 0.00000e+00
 0.00000e+00
 0.00000e+00
 4.44689e-26
 0.00000e+00
 1.93362e+05
 1.40394e-24
-1.38487e-24
 0.00000e+00
 0.00000e+00
 0.00000e+00
 0.00000e+00
 0.00000e+00
 0.00000e+00
 0.00000e+00
 0.00000e+00
 0.00000e+00
 0.00000e+00
 0.00000e+00
 0.00000e+00
 1.44207e-24
 0.00000e+00
 0.00000e+00
 0.00000e+00
 0.00000e+00
 6.60698e-25
 0.00000e+00
 3.22165e+05
 0.00000e+00
 0.00000e+00
 0.00000e+00
 0.00000e+00
 0.00000e+00
 0.00000e+00
 0.00000e+00
 0.00000e+00
 0.00000e+00
 0.00000e+00
 0.00000e+00
 0.00000e+00
 0.00000e+00
 0.00000e+00
 0.00000e+00
 0.00000e+00
