scalar
part
         1
coordinates
 1.17323e+05
 2.27674e+05
 2.27674e+05
 0.00000e+00
 2.27674e+05
 0.00000e+00
 2.27674e+05
 0.00000e+00
 2.27674e+05
 0.00000e+00
 2.27674e+05
 0.00000e+00
 2.27674e+05
 0.00000e+00
 2.27674e+05
 0.00000e+00
 2.52769e-11
 2.27674e+05
 0.00000e+00
 2.27674e+05
 0.00000e+00
 2.27674e+05
 0.00000e+00
 2.27674e+05
 0.00000e+00
 2.27674e+05
 2.27674e+05
 0.00000e+00
 2.27674e+05
 2.52769e-11
 2.27674e+05
-5.05538e-11
 2.27674e+05
-5.05538e-11
 2.27674e+05
-5.05538e-11
 0.00000e+00
 2.27674e+05
 2.52769e-11
 2.27674e+05
 0.00000e+00
 2.27674e+05
 0.00000e+00
 2.27674e+05
 0.00000e+00
 2.27674e+05
 0.00000e+00
 2.27674e+05
 0.00000e+00
 2.27674e+05
 0.00000e+00
 2.27674e+05
 0.00000e+00
 2.27674e+05
 0.00000e+00
 2.27674e+05
-5.05538e-11
 2.27674e+05
-5.05538e-11
 2.27674e+05
 0.00000e+00
 2.27674e+05
-5.05538e-11
 2.27674e+05
 2.27674e+05
 0.00000e+00
 0.00000e+00
 2.27674e+05
 0.00000e+00
 2.27674e+05
 0.00000e+00
 2.27674e+05
 0.00000e+00
 2.27674e+05
 0.00000e+00
 2.27674e+05
 0.00000e+00
 2.27674e+05
 8.93447e-26
 2.27674e+05
 2.27674e+05
 0.00000e+00
-1.48908e-25
 2.27674e+05
-1.26384e-10
 2.27674e+05
 2.27674e+05
 0.00000e+00
 2.27674e+05
 2.27674e+05
 0.00000e+00
 2.27674e+05
-5.05538e-11
 2.27674e+05
 0.00000e+00
 2.27674e+05
 0.00000e+00
 2.27674e+05
 0.00000e+00
 2.27674e+05
 0.00000e+00
 2.27674e+05
 0.00000e+00
 2.27674e+05
 0.00000e+00
 2.27674e+05
 0.00000e+00
 2.27674e+05
 1.17323e+05
 2.22902e+05
 2.22902e+05
 2.22902e+05
 2.22902e+05
 2.22902e+05
 2.22902e+05
 2.22902e+05
 2.22902e+05
 2.22902e+05
 2.22902e+05
 2.22902e+05
 2.22902e+05
 2.22902e+05
 2.22902e+05
 2.22902e+05
 2.22902e+05
 2.22902e+05
 2.22902e+05
 2.22902e+05
 2.22902e+05
 2.22902e+05
 2.22902e+05
 2.22902e+05
 2.22902e+05
 2.22902e+05
 2.22902e+05
 2.22902e+05
 2.22902e+05
 2.22902e+05
 2.22902e+05
 2.22902e+05
 2.22902e+05
 2.22902e+05
 2.22902e+05
 2.22902e+05
 2.22902e+05
 2.22902e+05
 2.22902e+05
 2.22902e+05
 2.22902e+05
 2.22902e+05
 2.22902e+05
 2.22902e+05
 2.22902e+05
 2.22902e+05
 2.22902e+05
 2.22902e+05
 2.22902e+05
 2.22902e+05
 2.22902e+05
 2.22902e+05
 2.22902e+05
 2.22902e+05
 2.22902e+05
 2.25101e+05
 2.25101e+05
 2.25101e+05
 2.25101e+05
 2.25101e+05
 2.25101e+05
 2.25101e+05
 2.25101e+05
 2.25101e+05
 2.25101e+05
 2.25101e+05
 2.25101e+05
 2.25101e+05
 2.25101e+05
 2.25101e+05
 2.25101e+05
 2.25101e+05
 2.25101e+05
 2.25101e+05
 2.25101e+05
 2.25101e+05
 2.25101e+05
 2.25101e+05
 2.25101e+05
 2.25101e+05
 2.25101e+05
 2.25101e+05
 2.25101e+05
 2.25101e+05
 2.25101e+05
 2.25101e+05
 2.25101e+05
 2.25101e+05
 2.25101e+05
 2.25101e+05
 2.25101e+05
 2.25101e+05
 2.25101e+05
 2.25101e+05
 2.25101e+05
 2.25101e+05
 2.25101e+05
 2.25101e+05
 2.25101e+05
 2.25101e+05
 2.25101e+05
 2.25101e+05
 2.25101e+05
 2.25101e+05
 2.25101e+05
 2.25101e+05
 2.25101e+05
 2.25101e+05
 2.25101e+05
 2.22902e+05
 2.22902e+05
 2.22902e+05
 2.22902e+05
 2.22902e+05
 2.22902e+05
 2.22902e+05
 2.22902e+05
 2.22902e+05
 2.22902e+05
 2.22902e+05
 2.22902e+05
 2.22902e+05
 2.22902e+05
 2.22902e+05
 2.22902e+05
 2.22902e+05
 2.22902e+05
 2.22902e+05
 2.22902e+05
 2.22902e+05
 2.22902e+05
 2.22902e+05
 2.22902e+05
 2.22902e+05
 2.22902e+05
 2.22902e+05
 2.22902e+05
 2.22902e+05
 2.22902e+05
 2.22902e+05
 2.22902e+05
 2.22902e+05
 2.22902e+05
 2.22902e+05
 2.22902e+05
 2.22902e+05
 2.22902e+05
 2.22902e+05
 2.22902e+05
 2.22902e+05
 2.22902e+05
 2.22902e+05
 2.22902e+05
 2.22902e+05
 2.22902e+05
 2.22902e+05
 2.22902e+05
 2.22902e+05
 2.22902e+05
 2.22902e+05
 2.22902e+05
 2.27674e+05
 2.27674e+05
 2.27674e+05
 2.27674e+05
 2.27674e+05
 2.27674e+05
 2.27674e+05
 2.27674e+05
 2.27674e+05
 2.27674e+05
 2.27674e+05
 2.27674e+05
 2.27674e+05
 2.27674e+05
 2.27674e+05
 2.27674e+05
 2.27674e+05
 2.27674e+05
 2.27674e+05
 2.27674e+05
 2.27674e+05
 2.27674e+05
 2.27674e+05
 2.27674e+05
 2.27674e+05
 2.27674e+05
 2.27674e+05
 2.27674e+05
 2.27674e+05
 2.27674e+05
 2.27674e+05
 2.27674e+05
 2.27674e+05
 2.27674e+05
 2.27674e+05
 2.27674e+05
 2.27674e+05
 2.27674e+05
 2.27674e+05
 2.27674e+05
 2.27674e+05
 2.27674e+05
 2.27674e+05
 2.27674e+05
 2.27674e+05
 2.27674e+05
 2.27674e+05
 2.27674e+05
 2.27674e+05
 2.27674e+05
 2.27674e+05
 2.27674e+05
 2.27674e+05
 2.27674e+05
 1.17323e+05
 0.00000e+00
 0.00000e+00
 0.00000e+00
 0.00000e+00
 0.00000e+00
 0.00000e+00
 0.00000e+00
 0.00000e+00
 0.00000e+00
 0.00000e+00
 0.00000e+00
 0.00000e+00
 0.00000e+00
 0.00000e+00
 0.00000e+00
 0.00000e+00
 0.00000e+00
 1.19126e-26
 0.00000e+00
 0.00000e+00
 0.00000e+00
 0.00000e+00
 0.00000e+00
 0.00000e+00
 0.00000e+00
 0.00000e+00
 0.00000e+00
 0.00000e+00
 0.00000e+00
 0.00000e+00
 0.00000e+00
 0.00000e+00
 5.61260e-27
 0.00000e+00
 0.00000e+00
 0.00000e+00
 0.00000e+00
 0.00000e+00
 0.00000e+00
 8.93447e-26
-1.48908e-25
 0.00000e+00
-7.14758e-26
 0.00000e+00
 0.00000e+00
 0.00000e+00
 0.00000e+00
 0.00000e+00
 0.00000e+00
 0.00000e+00
 0.00000e+00
 0.00000e+00
 1.17323e+05
