scalar
part
         1
coordinates
 6.07185e+05
 6.21501e+05
 6.21501e+05
 0.00000e+00
 6.21501e+05
 0.00000e+00
 6.21501e+05
 0.00000e+00
 6.21501e+05
 0.00000e+00
 6.21501e+05
 0.00000e+00
 6.21501e+05
 0.00000e+00
 1.38001e-10
 6.21501e+05
 0.00000e+00
 6.21501e+05
 0.00000e+00
 6.21501e+05
 0.00000e+00
 6.21501e+05
 0.00000e+00
 6.21501e+05
 0.00000e+00
 6.21501e+05
 0.00000e+00
 6.21501e+05
 0.00000e+00
 6.21501e+05
 0.00000e+00
 6.21501e+05
 0.00000e+00
 6.21501e+05
 0.00000e+00
 6.21501e+05
 0.00000e+00
 6.21501e+05
 0.00000e+00
 6.21501e+05
 0.00000e+00
 0.00000e+00
 6.21501e+05
 0.00000e+00
 6.21501e+05
 0.00000e+00
 6.21501e+05
 0.00000e+00
 6.21501e+05
 0.00000e+00
 6.21501e+05
 6.12847e-26
 2.39492e-25
 6.21501e+05
 6.21501e+05
 0.00000e+00
 6.21501e+05
 6.90005e-11
 6.21501e+05
 0.00000e+00
 6.21501e+05
 0.00000e+00
 6.21501e+05
-1.38001e-10
 6.21501e+05
 0.00000e+00
 6.21501e+05
 6.21501e+05
 0.00000e+00
 1.60387e-24
 6.21501e+05
 3.10751e+05
 1.38001e-10
 0.00000e+00
 6.21501e+05
 6.21501e+05
 2.07001e-10
 6.21501e+05
 0.00000e+00
 6.21501e+05
 0.00000e+00
 6.21501e+05
 0.00000e+00
 6.21501e+05
 0.00000e+00
 6.21501e+05
 0.00000e+00
 6.21501e+05
 0.00000e+00
 6.21501e+05
 0.00000e+00
 6.21501e+05
 0.00000e+00
 6.21501e+05
-1.38001e-10
 6.21501e+05
 0.00000e+00
 6.21501e+05
 0.00000e+00
 6.21501e+05
 2.07001e-10
 6.21501e+05
 0.00000e+00
 6.21501e+05
 0.00000e+00
 6.21501e+05
 2.07167e+05
 0.00000e+00
 6.21501e+05
 6.21501e+05
-1.38001e-10
 6.21501e+05
 0.00000e+00
 6.21501e+05
 0.00000e+00
 3.10751e+05
-1.38001e-10
 6.21501e+05
 0.00000e+00
 6.90005e-11
 6.21501e+05
 0.00000e+00
 6.21501e+05
 0.00000e+00
 6.21501e+05
 0.00000e+00
 6.21501e+05
 0.00000e+00
 6.21501e+05
 6.21501e+05
 3.10751e+05
 6.21501e+05
 0.00000e+00
-3.06424e-26
 6.21501e+05
 2.90978e-24
-2.82068e-24
 3.10751e+05
-1.38001e-10
 6.21501e+05
 6.21501e+05
 0.00000e+00
 6.21501e+05
 3.10751e+05
-1.38001e-10
 6.21501e+05
 0.00000e+00
 6.21501e+05
 0.00000e+00
 1.55375e+05
-1.38001e-10
 6.21501e+05
 6.21501e+05
 0.00000e+00
 6.21501e+05
 0.00000e+00
 6.21501e+05
 0.00000e+00
 2.66358e+05
 0.00000e+00
 2.66358e+05
 0.00000e+00
 6.21501e+05
 6.21501e+05
 0.00000e+00
 6.21501e+05
 2.76222e-24
 6.21501e+05
 6.21501e+05
 0.00000e+00
 0.00000e+00
 6.21501e+05
 0.00000e+00
 6.21501e+05
 0.00000e+00
 6.21501e+05
-6.90005e-10
 0.00000e+00
 6.21501e+05
 6.21501e+05
 6.07185e+05
 6.21501e+05
 6.21501e+05
 6.21501e+05
 0.00000e+00
 6.21501e+05
-1.38001e-10
 6.21501e+05
 0.00000e+00
 6.21501e+05
 0.00000e+00
 6.21501e+05
 6.21501e+05
 0.00000e+00
 6.21501e+05
 0.00000e+00
 6.21501e+05
 6.21501e+05
 0.00000e+00
 6.21501e+05
 6.21501e+05
 6.21501e+05
 6.21501e+05
 0.00000e+00
 6.21501e+05
-1.38001e-10
-1.38001e-10
 6.21501e+05
 0.00000e+00
 6.21501e+05
 0.00000e+00
 6.21501e+05
 6.21501e+05
 6.21501e+05
 6.21501e+05
 6.21501e+05
 6.21501e+05
 0.00000e+00
 6.21501e+05
-1.38001e-10
 6.21501e+05
 0.00000e+00
 6.21501e+05
 0.00000e+00
 6.21501e+05
-1.38001e-10
 6.21501e+05
 0.00000e+00
 2.88564e+04
 2.88564e+04
 2.88564e+04
 2.88564e+04
 2.88564e+04
 2.88564e+04
 2.88564e+04
 2.88564e+04
 2.88564e+04
 2.88564e+04
 2.88564e+04
 2.88564e+04
 2.88564e+04
 2.88564e+04
 2.88564e+04
 2.88564e+04
 2.88564e+04
 2.88564e+04
 2.88564e+04
 2.88564e+04
 2.88564e+04
 3.25179e+05
 2.88564e+04
 2.88564e+04
 2.88564e+04
 2.88564e+04
 2.88564e+04
 2.88564e+04
 2.88564e+04
 3.25179e+05
 2.88564e+04
 2.88564e+04
 2.88564e+04
 3.25179e+05
 2.88564e+04
 2.88564e+04
 2.88564e+04
 2.88564e+04
 2.88564e+04
 2.88564e+04
 2.88564e+04
 2.88564e+04
 2.88564e+04
 2.88564e+04
 2.88564e+04
 2.88564e+04
 2.88564e+04
 2.88564e+04
 2.88564e+04
 2.88564e+04
 2.88564e+04
 2.88564e+04
 2.88564e+04
 2.88564e+04
 2.88564e+04
 2.88564e+04
 2.26405e+05
 2.88564e+04
 2.88564e+04
 2.88564e+04
 2.88564e+04
 3.25179e+05
 2.88564e+04
 2.88564e+04
 3.25179e+05
 2.88564e+04
 2.88564e+04
 4.23953e+05
 2.88564e+04
 3.25179e+05
 3.25179e+05
 2.88564e+04
 2.88564e+04
 3.25179e+05
 2.88564e+04
 2.88564e+04
 3.25179e+05
 2.88564e+04
 2.88564e+04
 2.88564e+04
 1.77018e+05
 2.88564e+04
 2.88564e+04
 2.88564e+04
 2.88564e+04
 2.82847e+05
 2.88564e+04
 2.82847e+05
 2.88564e+04
 2.88564e+04
 2.88564e+04
 2.88564e+04
 2.88564e+04
 2.88564e+04
 2.88564e+04
 2.88564e+04
 2.88564e+04
 2.88564e+04
 2.88564e+04
 2.88564e+04
 2.88564e+04
 2.88564e+04
 2.88564e+04
 2.88564e+04
 2.88564e+04
 2.88564e+04
 2.88564e+04
 2.88564e+04
 2.88564e+04
 2.88564e+04
 2.88564e+04
 2.88564e+04
 2.88564e+04
 2.88564e+04
 2.88564e+04
 2.88564e+04
 2.88564e+04
 2.88564e+04
 2.88564e+04
 2.92496e+04
 2.92496e+04
 2.92496e+04
 2.92496e+04
 2.92496e+04
 2.92496e+04
 2.92496e+04
 2.92496e+04
 2.92496e+04
 2.92496e+04
 2.92496e+04
 2.92496e+04
 2.92496e+04
 2.92496e+04
 2.92496e+04
 2.92496e+04
 2.92496e+04
 2.92496e+04
 2.92496e+04
 2.92496e+04
 2.92496e+04
 2.92496e+04
 2.92496e+04
 2.92496e+04
 2.90530e+04
 2.92496e+04
 2.92496e+04
 2.92496e+04
 2.92496e+04
 2.92496e+04
 2.92496e+04
 2.92496e+04
 2.92496e+04
 2.92496e+04
 2.92496e+04
 2.92496e+04
 2.92496e+04
 2.92496e+04
 2.92496e+04
 2.92496e+04
 2.92496e+04
 2.92496e+04
 2.92496e+04
 2.92496e+04
 2.92496e+04
 2.92496e+04
 2.92496e+04
 2.92496e+04
 2.92496e+04
 2.92496e+04
 2.92496e+04
 2.92496e+04
 2.92496e+04
 2.92496e+04
 2.92496e+04
 2.92496e+04
 2.92496e+04
 2.92496e+04
 2.92496e+04
 2.92496e+04
 2.92496e+04
 2.92496e+04
 2.92496e+04
 2.92496e+04
 2.92496e+04
 2.92496e+04
 2.92496e+04
 2.92496e+04
 2.90530e+04
 2.92496e+04
 2.92496e+04
 2.92496e+04
 2.92496e+04
 2.92496e+04
 2.92496e+04
 2.92496e+04
 2.92496e+04
 2.92496e+04
 2.92496e+04
 2.92496e+04
 2.92496e+04
 2.92496e+04
 2.92496e+04
 2.92496e+04
 2.92496e+04
 2.92496e+04
 2.92496e+04
 2.92496e+04
 2.92496e+04
 2.92496e+04
 2.92496e+04
 2.92496e+04
 2.92496e+04
 2.92496e+04
 2.92496e+04
 2.92496e+04
 2.92496e+04
 2.92496e+04
 2.92496e+04
 2.92496e+04
 2.92496e+04
 2.92496e+04
 2.92496e+04
 2.92496e+04
 2.92496e+04
 2.92496e+04
 2.92496e+04
 2.92496e+04
 2.95301e+04
 2.95301e+04
 2.95301e+04
 2.95301e+04
 2.95301e+04
 2.95301e+04
 2.95301e+04
 2.95301e+04
 2.95301e+04
 2.95301e+04
 2.95301e+04
 2.95301e+04
 2.95301e+04
 2.95301e+04
 2.95301e+04
 2.95301e+04
 2.95301e+04
 2.95301e+04
 2.95301e+04
 2.95301e+04
 2.93898e+04
 2.95301e+04
 2.95301e+04
 2.95301e+04
 2.95301e+04
 2.95301e+04
 2.95301e+04
 2.95301e+04
 2.95301e+04
 2.95301e+04
 2.93898e+04
 2.95301e+04
 2.95301e+04
 2.95301e+04
 2.95301e+04
 2.95301e+04
 2.95301e+04
 2.95301e+04
 2.95301e+04
 2.95301e+04
 2.95301e+04
 2.95301e+04
 2.95301e+04
 2.95301e+04
 2.95301e+04
 2.95301e+04
 2.95301e+04
 2.95301e+04
 2.95301e+04
 2.95301e+04
 2.95301e+04
 2.95301e+04
 2.95301e+04
 2.95301e+04
 2.95301e+04
 2.93898e+04
 2.95301e+04
 2.95301e+04
 2.95301e+04
 2.95301e+04
 2.93898e+04
 2.95301e+04
 2.95301e+04
 2.95301e+04
 2.95301e+04
 2.95301e+04
 2.95301e+04
 2.93197e+04
 2.95301e+04
 2.95301e+04
 2.95301e+04
 2.95301e+04
 2.95301e+04
 2.95301e+04
 2.95301e+04
 2.95301e+04
 2.95301e+04
 2.95301e+04
 2.95301e+04
 2.95301e+04
 2.95301e+04
 2.95301e+04
 2.95301e+04
 2.95301e+04
 2.95301e+04
 2.95301e+04
 2.95301e+04
 2.95301e+04
 2.95301e+04
 2.95301e+04
 2.95301e+04
 2.95301e+04
 2.95301e+04
 2.95301e+04
 2.95301e+04
 2.95301e+04
 2.95301e+04
 2.95301e+04
 2.95301e+04
 2.95301e+04
 2.95301e+04
 2.95301e+04
 2.95301e+04
 2.95301e+04
 2.95301e+04
 2.95301e+04
 2.95301e+04
 2.95301e+04
 2.95301e+04
 2.96983e+04
 2.96983e+04
 2.96983e+04
 2.96983e+04
 2.96983e+04
 2.96983e+04
 2.96983e+04
 2.96983e+04
 2.96983e+04
 2.96983e+04
 2.96983e+04
 2.96983e+04
 2.96983e+04
 2.96983e+04
 2.96983e+04
 2.96983e+04
 2.96983e+04
 2.96983e+04
 2.96142e+04
 2.96983e+04
 2.96983e+04
 2.96983e+04
 2.96983e+04
 2.96983e+04
 2.96983e+04
 2.96983e+04
 2.96983e+04
 2.96983e+04
 2.96983e+04
 2.96983e+04
 2.96142e+04
 2.96983e+04
 2.96983e+04
 2.96983e+04
 2.96983e+04
 2.96983e+04
 2.96983e+04
 2.96983e+04
 2.96983e+04
 2.96983e+04
 2.96983e+04
 2.96983e+04
 2.96983e+04
 2.96983e+04
 2.96983e+04
 2.96983e+04
 2.96983e+04
 2.96983e+04
 2.96983e+04
 2.96983e+04
 2.96983e+04
 2.96983e+04
 2.96983e+04
 2.96983e+04
 2.96983e+04
 2.96983e+04
 2.96983e+04
 2.96983e+04
 2.96983e+04
 2.96983e+04
 2.96983e+04
 2.96983e+04
 2.96983e+04
 2.96142e+04
 2.96983e+04
 2.96983e+04
 2.96983e+04
 2.96142e+04
 2.96983e+04
 2.96142e+04
 2.96983e+04
 2.96983e+04
 2.96983e+04
 2.96142e+04
 2.96983e+04
 2.96983e+04
 2.96983e+04
 2.96983e+04
 2.96562e+04
 2.96983e+04
 2.96983e+04
 2.96983e+04
 2.96983e+04
 2.96983e+04
 2.96983e+04
 2.96983e+04
 2.96983e+04
 2.96983e+04
 2.96983e+04
 2.96983e+04
 2.96983e+04
 2.96983e+04
 2.96983e+04
 2.96983e+04
 2.96983e+04
 2.96983e+04
 2.96983e+04
 2.96983e+04
 2.96983e+04
 2.96983e+04
 2.96983e+04
 2.96983e+04
 2.96983e+04
 2.96983e+04
 2.96983e+04
 2.96983e+04
 2.96983e+04
 2.96983e+04
 2.96983e+04
 2.96983e+04
 2.96983e+04
 2.96983e+04
 2.96983e+04
 2.96983e+04
 2.96983e+04
 2.96983e+04
 2.96983e+04
 2.96983e+04
 2.96983e+04
 2.96983e+04
 2.97543e+04
 2.97543e+04
 2.97543e+04
 2.97543e+04
 2.97543e+04
 2.97543e+04
 2.97543e+04
 2.97543e+04
 2.97543e+04
 2.97543e+04
 2.97543e+04
 2.97543e+04
 2.97543e+04
 2.97543e+04
 2.97543e+04
 2.97543e+04
 2.97543e+04
 2.97543e+04
 2.97543e+04
 2.97543e+04
 2.97543e+04
 2.97543e+04
 2.97543e+04
 2.97543e+04
 2.97543e+04
 2.97543e+04
 2.97543e+04
 2.97543e+04
 2.97543e+04
 2.97263e+04
 2.97543e+04
 2.97543e+04
 2.97543e+04
 2.97543e+04
 2.97543e+04
 2.97543e+04
 2.97543e+04
 2.97543e+04
 2.97543e+04
 2.97543e+04
 2.97263e+04
 2.97543e+04
 2.97543e+04
 2.97543e+04
 2.97543e+04
 2.97543e+04
 2.97543e+04
 2.97543e+04
 2.97543e+04
 2.97543e+04
 2.97543e+04
 2.97543e+04
 2.97543e+04
 2.97543e+04
 2.97543e+04
 2.97543e+04
 2.97543e+04
 2.97543e+04
 2.97543e+04
 2.97543e+04
 2.97543e+04
 2.97543e+04
 2.97263e+04
 2.97543e+04
 2.97543e+04
 2.97543e+04
 2.97543e+04
 2.97543e+04
 2.97543e+04
 2.97263e+04
 2.97263e+04
 2.97543e+04
 2.97543e+04
 2.97543e+04
 2.97263e+04
 2.97543e+04
 2.97543e+04
 2.97543e+04
 2.97543e+04
 2.97543e+04
 2.97543e+04
 2.97543e+04
 2.97403e+04
 2.97543e+04
 2.97543e+04
 2.97543e+04
 2.97543e+04
 2.97543e+04
 2.97543e+04
 2.97543e+04
 2.97543e+04
 2.97543e+04
 2.97543e+04
 2.97543e+04
 2.97543e+04
 2.97543e+04
 2.97543e+04
 2.97543e+04
 2.97543e+04
 2.97543e+04
 2.97543e+04
 2.97543e+04
 2.97543e+04
 2.97543e+04
 2.97543e+04
 2.97543e+04
 2.97543e+04
 2.97543e+04
 2.97543e+04
 2.97543e+04
 2.97543e+04
 2.97543e+04
 2.97543e+04
 2.96983e+04
 2.96983e+04
 2.96983e+04
 2.96983e+04
 2.96983e+04
 2.96983e+04
 2.96983e+04
 2.96983e+04
 2.96983e+04
 2.96983e+04
 2.96983e+04
 2.96983e+04
 2.96983e+04
 2.96983e+04
 2.96983e+04
 2.96983e+04
 2.96983e+04
 2.96983e+04
 2.96983e+04
 2.96983e+04
 2.96983e+04
 2.96983e+04
 2.96983e+04
 2.96983e+04
 2.96983e+04
 2.96983e+04
 2.96983e+04
 2.96983e+04
 2.96983e+04
 2.96983e+04
 2.96983e+04
 2.96983e+04
 2.96983e+04
 2.96983e+04
 2.96983e+04
 2.96983e+04
 2.96983e+04
 2.96983e+04
 2.96983e+04
 2.96983e+04
 2.96983e+04
 2.96983e+04
 2.96983e+04
 2.96983e+04
 2.96983e+04
 2.96983e+04
 2.96983e+04
 2.96983e+04
 2.96983e+04
 2.96983e+04
 2.96983e+04
 2.96983e+04
 2.96983e+04
 2.96983e+04
 2.96983e+04
 2.96983e+04
 2.96983e+04
 2.96983e+04
 2.96983e+04
 2.96983e+04
 2.96983e+04
 2.96983e+04
 2.96983e+04
 2.96983e+04
 2.96983e+04
 2.96983e+04
 2.96983e+04
 2.96983e+04
 2.96983e+04
 2.96983e+04
 2.96983e+04
 2.96983e+04
 2.96983e+04
 2.96983e+04
 2.96983e+04
 2.96983e+04
 2.96983e+04
 2.96983e+04
 2.96983e+04
 2.97303e+04
 2.96983e+04
 2.96983e+04
 2.96983e+04
 2.96983e+04
 2.96983e+04
 2.96983e+04
 2.96983e+04
 2.96983e+04
 2.96983e+04
 2.96983e+04
 2.96983e+04
 2.96983e+04
 2.96983e+04
 2.96983e+04
 2.96983e+04
 2.96983e+04
 2.96983e+04
 2.96983e+04
 2.96983e+04
 2.96983e+04
 2.96983e+04
 2.96983e+04
 2.96983e+04
 2.96983e+04
 2.96983e+04
 2.96983e+04
 2.96983e+04
 2.96983e+04
 2.95301e+04
 2.95301e+04
 2.95301e+04
 2.95301e+04
 2.95301e+04
 2.95301e+04
 2.95301e+04
 2.95301e+04
 2.95301e+04
 2.95301e+04
 2.95301e+04
 2.95301e+04
 2.95301e+04
 2.95301e+04
 2.95301e+04
 2.95301e+04
 2.95301e+04
 2.95301e+04
 2.95301e+04
 2.95301e+04
 2.95301e+04
 2.95301e+04
 2.96142e+04
 2.95301e+04
 2.95301e+04
 2.95301e+04
 2.95301e+04
 2.95301e+04
 2.95301e+04
 2.95301e+04
 2.95301e+04
 2.95301e+04
 2.95301e+04
 2.95301e+04
 2.95301e+04
 2.95301e+04
 2.95301e+04
 2.95301e+04
 2.95301e+04
 2.95301e+04
 2.95301e+04
 2.95301e+04
 2.95301e+04
 2.95301e+04
 2.95301e+04
 2.95301e+04
 2.95301e+04
 2.95301e+04
 2.95301e+04
 2.95301e+04
 2.95301e+04
 2.95301e+04
 2.95301e+04
 2.95301e+04
 2.95301e+04
 2.95301e+04
 2.95301e+04
 2.95301e+04
 2.95301e+04
 2.95301e+04
 2.95301e+04
 2.95301e+04
 2.95301e+04
 2.95301e+04
 2.95301e+04
 2.95301e+04
 2.95301e+04
 2.95301e+04
 2.95301e+04
 2.95301e+04
 2.95301e+04
 2.95301e+04
 2.95301e+04
 2.95301e+04
 2.95301e+04
 2.95301e+04
 2.95301e+04
 2.95301e+04
 2.95301e+04
 2.95301e+04
 2.95301e+04
 2.95301e+04
 2.95301e+04
 2.95301e+04
 2.95301e+04
 2.95301e+04
 2.95301e+04
 2.95301e+04
 2.95301e+04
 2.95301e+04
 2.95301e+04
 2.95301e+04
 2.95301e+04
 2.95301e+04
 2.95301e+04
 2.95301e+04
 2.95301e+04
 2.95301e+04
 2.95301e+04
 2.95301e+04
 2.95301e+04
 2.95301e+04
 2.95301e+04
 2.95301e+04
 2.95301e+04
 2.92496e+04
 2.92496e+04
 2.92496e+04
 2.92496e+04
 2.92496e+04
 2.92496e+04
 2.92496e+04
 2.92496e+04
 2.92496e+04
 2.92496e+04
 2.92496e+04
 2.92496e+04
 2.92496e+04
 2.92496e+04
 2.92496e+04
 2.92496e+04
 2.92496e+04
 2.92496e+04
 2.92496e+04
 2.92496e+04
 2.92496e+04
 2.92496e+04
 2.92496e+04
 2.92496e+04
 2.93898e+04
 2.92496e+04
 2.92496e+04
 2.92496e+04
 2.92496e+04
 2.92496e+04
 2.92496e+04
 2.92496e+04
 2.92496e+04
 2.92496e+04
 2.92496e+04
 2.92496e+04
 2.92496e+04
 2.92496e+04
 2.92496e+04
 2.92496e+04
 2.92496e+04
 2.92496e+04
 2.92496e+04
 2.92496e+04
 2.92496e+04
 2.92496e+04
 2.92496e+04
 2.92496e+04
 2.92496e+04
 2.92496e+04
 2.92496e+04
 2.92496e+04
 2.92496e+04
 2.92496e+04
 2.92496e+04
 2.92496e+04
 2.92496e+04
 2.92496e+04
 2.92496e+04
 2.92496e+04
 2.92496e+04
 2.92496e+04
 2.92496e+04
 2.92496e+04
 2.92496e+04
 2.92496e+04
 2.92496e+04
 2.92496e+04
 2.92496e+04
 2.92496e+04
 2.92496e+04
 2.92496e+04
 2.92496e+04
 2.92496e+04
 2.92496e+04
 2.92496e+04
 2.92496e+04
 2.92496e+04
 2.92496e+04
 2.92496e+04
 2.92496e+04
 2.93698e+04
 2.92496e+04
 2.92496e+04
 2.92496e+04
 2.92496e+04
 2.92496e+04
 2.92496e+04
 2.92496e+04
 2.92496e+04
 2.92496e+04
 2.92496e+04
 2.92496e+04
 2.92496e+04
 2.92496e+04
 2.92496e+04
 2.92496e+04
 2.92496e+04
 2.92496e+04
 2.92496e+04
 2.92496e+04
 2.92496e+04
 2.92496e+04
 2.92496e+04
 2.92496e+04
 2.92496e+04
 2.92496e+04
 2.92496e+04
 2.88564e+04
 2.88564e+04
 2.88564e+04
 2.88564e+04
 2.88564e+04
 2.88564e+04
 2.88564e+04
 2.88564e+04
 2.88564e+04
 2.88564e+04
 2.88564e+04
 2.88564e+04
 2.88564e+04
 2.88564e+04
 2.88564e+04
 2.88564e+04
 2.88564e+04
 2.88564e+04
 2.88564e+04
 2.88564e+04
 2.88564e+04
 2.88564e+04
 2.88564e+04
 2.88564e+04
 2.88564e+04
 2.88564e+04
 2.88564e+04
 2.88564e+04
 2.88564e+04
 2.88564e+04
 2.88564e+04
 2.88564e+04
 2.88564e+04
 2.88564e+04
 2.88564e+04
 2.88564e+04
 2.88564e+04
 2.88564e+04
 2.88564e+04
 2.88564e+04
 2.88564e+04
 2.88564e+04
 2.88564e+04
 2.88564e+04
 2.88564e+04
 2.88564e+04
 2.88564e+04
 2.88564e+04
 2.88564e+04
 2.88564e+04
 2.88564e+04
 2.88564e+04
 2.88564e+04
 2.88564e+04
 2.88564e+04
 2.88564e+04
 2.88564e+04
 2.88564e+04
 2.88564e+04
 2.88564e+04
 2.88564e+04
 2.88564e+04
 2.88564e+04
 2.88564e+04
 2.88564e+04
 2.88564e+04
 2.88564e+04
 2.88564e+04
 2.88564e+04
 2.88564e+04
 2.88564e+04
 2.88564e+04
 2.88564e+04
 2.88564e+04
 2.88564e+04
 2.91513e+04
 2.88564e+04
 2.88564e+04
 2.88564e+04
 2.88564e+04
 2.88564e+04
 2.88564e+04
 2.88564e+04
 2.88564e+04
 2.88564e+04
 2.88564e+04
 2.88564e+04
 2.88564e+04
 2.88564e+04
 2.88564e+04
 2.88564e+04
 2.88564e+04
 2.88564e+04
 2.88564e+04
 2.88564e+04
 2.88564e+04
 2.88564e+04
 2.88564e+04
 2.88564e+04
 2.88564e+04
 2.88564e+04
 2.88564e+04
 2.88564e+04
 2.88564e+04
 2.88564e+04
 2.88564e+04
 2.88564e+04
 2.88564e+04
 2.88564e+04
 6.21501e+05
 6.21501e+05
 6.21501e+05
 6.21501e+05
 6.21501e+05
 6.21501e+05
 6.21501e+05
 6.21501e+05
 6.21501e+05
 6.21501e+05
 6.21501e+05
 6.21501e+05
 6.21501e+05
 6.21501e+05
 6.21501e+05
 6.21501e+05
 6.21501e+05
 6.21501e+05
 6.21501e+05
 6.21501e+05
 6.21501e+05
 6.21501e+05
 6.21501e+05
 6.21501e+05
 6.21501e+05
 6.21501e+05
 6.21501e+05
 6.21501e+05
 6.21501e+05
 6.21501e+05
 6.21501e+05
 6.21501e+05
 6.21501e+05
 6.21501e+05
 6.21501e+05
 6.21501e+05
 6.21501e+05
 6.21501e+05
 3.25179e+05
 6.21501e+05
 6.21501e+05
 6.21501e+05
 6.21501e+05
 6.21501e+05
 6.21501e+05
 6.21501e+05
 6.21501e+05
 6.21501e+05
 6.21501e+05
 6.21501e+05
 6.21501e+05
 6.21501e+05
 6.21501e+05
 6.21501e+05
 6.21501e+05
 6.21501e+05
 6.21501e+05
 6.21501e+05
 6.21501e+05
 6.21501e+05
 6.21501e+05
 6.21501e+05
 6.21501e+05
 6.21501e+05
 6.21501e+05
 3.25179e+05
 6.21501e+05
 6.21501e+05
 6.21501e+05
 6.21501e+05
 6.21501e+05
 6.21501e+05
 6.21501e+05
 4.73340e+05
 6.21501e+05
 6.21501e+05
 6.21501e+05
 6.21501e+05
 6.21501e+05
 6.21501e+05
 6.21501e+05
 6.21501e+05
 6.21501e+05
 6.21501e+05
 6.21501e+05
 6.21501e+05
 6.21501e+05
 6.21501e+05
 6.21501e+05
 6.21501e+05
 6.21501e+05
 6.21501e+05
 6.21501e+05
 6.21501e+05
 6.21501e+05
 6.21501e+05
 6.21501e+05
 6.21501e+05
 6.21501e+05
 6.21501e+05
 6.21501e+05
 6.21501e+05
 6.21501e+05
 6.21501e+05
 6.21501e+05
 6.21501e+05
 6.21501e+05
 6.07185e+05
 0.00000e+00
 0.00000e+00
 0.00000e+00
 0.00000e+00
 0.00000e+00
 0.00000e+00
 0.00000e+00
 0.00000e+00
 0.00000e+00
 0.00000e+00
 0.00000e+00
 0.00000e+00
 0.00000e+00
 0.00000e+00
 0.00000e+00
 0.00000e+00
 0.00000e+00
 0.00000e+00
 0.00000e+00
 0.00000e+00
 0.00000e+00
 0.00000e+00
 0.00000e+00
 0.00000e+00
 0.00000e+00
 6.12847e-26
 3.00777e-25
 0.00000e+00
 0.00000e+00
 0.00000e+00
 0.00000e+00
 0.00000e+00
 0.00000e+00
 0.00000e+00
 0.00000e+00
 1.42566e-24
 0.00000e+00
 0.00000e+00
 3.10751e+05
-2.39492e-25
 0.00000e+00
 0.00000e+00
 0.00000e+00
 0.00000e+00
 0.00000e+00
 0.00000e+00
 0.00000e+00
 0.00000e+00
 0.00000e+00
 0.00000e+00
 0.00000e+00
 0.00000e+00
 0.00000e+00
 0.00000e+00
 0.00000e+00
 0.00000e+00
 0.00000e+00
 0.00000e+00
 0.00000e+00
 0.00000e+00
 0.00000e+00
 0.00000e+00
 0.00000e+00
 0.00000e+00
 0.00000e+00
 0.00000e+00
 8.91038e-26
 0.00000e+00
 3.10751e+05
 2.82068e-24
-2.79004e-24
 0.00000e+00
 0.00000e+00
 0.00000e+00
 0.00000e+00
 0.00000e+00
 0.00000e+00
 0.00000e+00
 0.00000e+00
 0.00000e+00
 0.00000e+00
 0.00000e+00
 0.00000e+00
 2.88196e-24
 0.00000e+00
 0.00000e+00
 0.00000e+00
 0.00000e+00
 1.30874e-24
 0.00000e+00
 6.07185e+05
 0.00000e+00
 0.00000e+00
 0.00000e+00
 0.00000e+00
 0.00000e+00
 0.00000e+00
 0.00000e+00
 0.00000e+00
 0.00000e+00
 0.00000e+00
 0.00000e+00
 0.00000e+00
 0.00000e+00
 0.00000e+00
 0.00000e+00
 0.00000e+00
