scalar
part
         1
coordinates
 1.60860e+05
 1.79364e+05
 1.79364e+05
 1.99134e-11
 1.79364e+05
 1.99134e-11
 1.79364e+05
 1.99134e-11
-6.46235e-27
 1.79364e+05
 1.99134e-11
 1.79364e+05
 1.99134e-11
 1.79364e+05
 1.99134e-11
 0.00000e+00
 1.79364e+05
 1.99134e-11
 1.79364e+05
 0.00000e+00
 0.00000e+00
 1.79364e+05
 1.99134e-11
 1.79364e+05
 0.00000e+00
 1.79364e+05
 1.99134e-11
 1.79364e+05
 0.00000e+00
 1.79364e+05
 1.79364e+05
 1.99134e-11
-5.14818e-26
 1.79364e+05
 1.99134e-11
 1.79364e+05
 1.99134e-11
 1.79364e+05
-4.00414e-26
 1.79364e+05
 1.79364e+05
 1.79364e+05
 1.79364e+05
 1.99134e-11
 1.79364e+05
 1.99134e-11
 1.79364e+05
 1.99134e-11
 1.79364e+05
 1.99134e-11
 1.79364e+05
 0.00000e+00
 1.79364e+05
 1.60860e+05
 1.79364e+05
 1.79364e+05
 1.79364e+05
 1.79364e+05
 1.79364e+05
 1.79364e+05
 1.79364e+05
 1.79364e+05
 1.79364e+05
 1.79364e+05
 1.79364e+05
 1.79364e+05
 1.79364e+05
 1.79364e+05
 1.79364e+05
 1.79364e+05
 1.79364e+05
 1.79364e+05
 1.79364e+05
 1.79364e+05
 1.79364e+05
 1.79364e+05
 1.79364e+05
 1.79364e+05
 1.79364e+05
 1.79364e+05
 1.79364e+05
 1.79364e+05
 1.60860e+05
 0.00000e+00
 0.00000e+00
 0.00000e+00
 0.00000e+00
 0.00000e+00
 0.00000e+00
 0.00000e+00
 0.00000e+00
 0.00000e+00
 0.00000e+00
 0.00000e+00
 0.00000e+00
 0.00000e+00
 0.00000e+00
 0.00000e+00
 0.00000e+00
-5.14818e-26
 0.00000e+00
 0.00000e+00
 0.00000e+00
-3.78306e-26
 0.00000e+00
 0.00000e+00
 0.00000e+00
 0.00000e+00
 1.60860e+05
