scalar
part
         1
coordinates
 3.27512e+05
 3.33853e+05
 3.33853e+05
 0.00000e+00
 3.33853e+05
 0.00000e+00
 3.33853e+05
 0.00000e+00
 3.33853e+05
 0.00000e+00
 3.33853e+05
 0.00000e+00
 3.33853e+05
 0.00000e+00
 3.33853e+05
 0.00000e+00
 3.70652e-11
 3.33853e+05
 0.00000e+00
 3.33853e+05
 0.00000e+00
 3.33853e+05
 0.00000e+00
 3.33853e+05
 0.00000e+00
 3.33853e+05
 3.33853e+05
 0.00000e+00
 3.33853e+05
 3.70652e-11
 3.33853e+05
-7.41303e-11
 3.33853e+05
-7.41303e-11
 3.33853e+05
-7.41303e-11
 0.00000e+00
 3.33853e+05
 3.70652e-11
 3.33853e+05
 0.00000e+00
 3.33853e+05
 0.00000e+00
 3.33853e+05
 0.00000e+00
 3.33853e+05
 0.00000e+00
 3.33853e+05
 0.00000e+00
 3.33853e+05
 0.00000e+00
 3.33853e+05
 0.00000e+00
 3.33853e+05
 0.00000e+00
 3.33853e+05
-7.41303e-11
 3.33853e+05
-7.41303e-11
 3.33853e+05
 0.00000e+00
 3.33853e+05
-7.41303e-11
 3.33853e+05
 3.33853e+05
 0.00000e+00
 0.00000e+00
 3.33853e+05
 0.00000e+00
 3.33853e+05
 0.00000e+00
 3.33853e+05
 0.00000e+00
 3.33853e+05
 0.00000e+00
 3.33853e+05
 0.00000e+00
 3.33853e+05
 3.60975e-25
 3.33853e+05
 3.33853e+05
 0.00000e+00
-6.01625e-25
 3.33853e+05
-1.85326e-10
 3.33853e+05
 3.33853e+05
 0.00000e+00
 3.33853e+05
 3.33853e+05
 0.00000e+00
 3.33853e+05
-7.41303e-11
 3.33853e+05
 0.00000e+00
 3.33853e+05
 0.00000e+00
 3.33853e+05
 0.00000e+00
 3.33853e+05
 0.00000e+00
 3.33853e+05
 0.00000e+00
 3.33853e+05
 0.00000e+00
 3.33853e+05
 0.00000e+00
 3.33853e+05
 3.27512e+05
 1.27130e+04
 1.27130e+04
 1.27130e+04
 1.27130e+04
 1.27130e+04
 1.27130e+04
 1.27130e+04
 1.27130e+04
 1.27130e+04
 1.27130e+04
 1.27130e+04
 1.27130e+04
 1.27130e+04
 1.27130e+04
 1.27130e+04
 1.27130e+04
 1.27130e+04
 1.27130e+04
 1.27130e+04
 1.27130e+04
 1.27130e+04
 1.27130e+04
 1.27130e+04
 1.27130e+04
 1.27130e+04
 1.27130e+04
 1.27130e+04
 1.27130e+04
 1.27130e+04
 1.27130e+04
 1.27130e+04
 1.27130e+04
 1.27130e+04
 1.27130e+04
 1.27130e+04
 1.27130e+04
 1.27130e+04
 1.27130e+04
 1.27130e+04
 1.27130e+04
 1.27130e+04
 1.27130e+04
 1.27130e+04
 1.27130e+04
 1.27130e+04
 1.27130e+04
 1.27130e+04
 1.27130e+04
 1.27130e+04
 1.27130e+04
 1.27130e+04
 1.27130e+04
 1.27130e+04
 1.27130e+04
 1.27422e+04
 1.27422e+04
 1.27422e+04
 1.27422e+04
 1.27422e+04
 1.27422e+04
 1.27422e+04
 1.27422e+04
 1.27422e+04
 1.27422e+04
 1.27422e+04
 1.27422e+04
 1.27422e+04
 1.27422e+04
 1.27422e+04
 1.27422e+04
 1.27422e+04
 1.27422e+04
 1.27422e+04
 1.27422e+04
 1.27422e+04
 1.27422e+04
 1.27422e+04
 1.27422e+04
 1.27422e+04
 1.27422e+04
 1.27422e+04
 1.27422e+04
 1.27422e+04
 1.27422e+04
 1.27422e+04
 1.27422e+04
 1.27422e+04
 1.27422e+04
 1.27422e+04
 1.27422e+04
 1.27422e+04
 1.27422e+04
 1.27422e+04
 1.27422e+04
 1.27422e+04
 1.27422e+04
 1.27422e+04
 1.27422e+04
 1.27422e+04
 1.27422e+04
 1.27422e+04
 1.27422e+04
 1.27422e+04
 1.27422e+04
 1.27422e+04
 1.27422e+04
 1.27422e+04
 1.27422e+04
 1.27130e+04
 1.27130e+04
 1.27130e+04
 1.27130e+04
 1.27130e+04
 1.27130e+04
 1.27130e+04
 1.27130e+04
 1.27130e+04
 1.27130e+04
 1.27130e+04
 1.27130e+04
 1.27130e+04
 1.27130e+04
 1.27130e+04
 1.27130e+04
 1.27130e+04
 1.27130e+04
 1.27130e+04
 1.27130e+04
 1.27130e+04
 1.27130e+04
 1.27130e+04
 1.27130e+04
 1.27130e+04
 1.27130e+04
 1.27130e+04
 1.27130e+04
 1.27130e+04
 1.27130e+04
 1.27130e+04
 1.27130e+04
 1.27130e+04
 1.27130e+04
 1.27130e+04
 1.27130e+04
 1.27130e+04
 1.27130e+04
 1.27130e+04
 1.27130e+04
 1.27130e+04
 1.27130e+04
 1.27130e+04
 1.27130e+04
 1.27130e+04
 1.27130e+04
 1.27130e+04
 1.27130e+04
 1.27130e+04
 1.27130e+04
 1.27130e+04
 1.27130e+04
 3.33853e+05
 3.33853e+05
 3.33853e+05
 3.33853e+05
 3.33853e+05
 3.33853e+05
 3.33853e+05
 3.33853e+05
 3.33853e+05
 3.33853e+05
 3.33853e+05
 3.33853e+05
 3.33853e+05
 3.33853e+05
 3.33853e+05
 3.33853e+05
 3.33853e+05
 3.33853e+05
 3.33853e+05
 3.33853e+05
 3.33853e+05
 3.33853e+05
 3.33853e+05
 3.33853e+05
 3.33853e+05
 3.33853e+05
 3.33853e+05
 3.33853e+05
 3.33853e+05
 3.33853e+05
 3.33853e+05
 3.33853e+05
 3.33853e+05
 3.33853e+05
 3.33853e+05
 3.33853e+05
 3.33853e+05
 3.33853e+05
 3.33853e+05
 3.33853e+05
 3.33853e+05
 3.33853e+05
 3.33853e+05
 3.33853e+05
 3.33853e+05
 3.33853e+05
 3.33853e+05
 3.33853e+05
 3.33853e+05
 3.33853e+05
 3.33853e+05
 3.33853e+05
 3.33853e+05
 3.33853e+05
 3.27512e+05
 0.00000e+00
 0.00000e+00
 0.00000e+00
 0.00000e+00
 0.00000e+00
 0.00000e+00
 0.00000e+00
 0.00000e+00
 0.00000e+00
 0.00000e+00
 0.00000e+00
 0.00000e+00
 0.00000e+00
 0.00000e+00
 0.00000e+00
 0.00000e+00
 0.00000e+00
 4.81300e-26
 0.00000e+00
 0.00000e+00
 0.00000e+00
 0.00000e+00
 0.00000e+00
 0.00000e+00
 0.00000e+00
 0.00000e+00
 0.00000e+00
 0.00000e+00
 0.00000e+00
 0.00000e+00
 0.00000e+00
 0.00000e+00
 8.23012e-27
 0.00000e+00
 0.00000e+00
 0.00000e+00
 0.00000e+00
 0.00000e+00
 0.00000e+00
 3.60975e-25
-6.01625e-25
 0.00000e+00
-2.88780e-25
 0.00000e+00
 0.00000e+00
 0.00000e+00
 0.00000e+00
 0.00000e+00
 0.00000e+00
 0.00000e+00
 0.00000e+00
 0.00000e+00
 3.27512e+05
