scalar
part
         1
coordinates
 1.26166e+05
 2.31599e+05
 2.31599e+05
 0.00000e+00
 2.31599e+05
 0.00000e+00
 2.31599e+05
 0.00000e+00
 2.31599e+05
 0.00000e+00
 2.31599e+05
 0.00000e+00
 2.31599e+05
 0.00000e+00
 5.14253e-11
 2.31599e+05
 0.00000e+00
 2.31599e+05
 0.00000e+00
 2.31599e+05
 0.00000e+00
 2.31599e+05
 0.00000e+00
 2.31599e+05
 0.00000e+00
 2.31599e+05
 0.00000e+00
 2.31599e+05
 0.00000e+00
 2.31599e+05
 0.00000e+00
 2.31599e+05
 0.00000e+00
 2.31599e+05
 0.00000e+00
 2.31599e+05
 0.00000e+00
 2.31599e+05
 0.00000e+00
 2.31599e+05
 0.00000e+00
 0.00000e+00
 2.31599e+05
 0.00000e+00
 2.31599e+05
 0.00000e+00
 2.31599e+05
 0.00000e+00
 2.31599e+05
 0.00000e+00
 2.31599e+05
 2.28374e-26
 4.97637e-26
 2.31599e+05
 2.31599e+05
 0.00000e+00
 2.31599e+05
 2.57126e-11
 2.31599e+05
 0.00000e+00
 2.31599e+05
 0.00000e+00
 2.31599e+05
-5.14253e-11
 2.31599e+05
 0.00000e+00
 2.31599e+05
 2.31599e+05
 0.00000e+00
 2.42336e-25
 2.31599e+05
 1.15799e+05
 5.14253e-11
 0.00000e+00
 2.31599e+05
 2.31599e+05
 7.71379e-11
 2.31599e+05
 0.00000e+00
 2.31599e+05
 0.00000e+00
 2.31599e+05
 0.00000e+00
 2.31599e+05
 0.00000e+00
 2.31599e+05
 0.00000e+00
 2.31599e+05
 0.00000e+00
 2.31599e+05
 0.00000e+00
 2.31599e+05
 0.00000e+00
 2.31599e+05
-5.14253e-11
 2.31599e+05
 0.00000e+00
 2.31599e+05
 0.00000e+00
 2.31599e+05
 7.71379e-11
 2.31599e+05
 0.00000e+00
 2.31599e+05
 0.00000e+00
 2.31599e+05
 7.71996e+04
 0.00000e+00
 2.31599e+05
 2.31599e+05
-5.14253e-11
 2.31599e+05
 0.00000e+00
 2.31599e+05
 0.00000e+00
 1.15799e+05
-5.14253e-11
 2.31599e+05
 0.00000e+00
 2.57126e-11
 2.31599e+05
 0.00000e+00
 2.31599e+05
 0.00000e+00
 2.31599e+05
 0.00000e+00
 2.31599e+05
 0.00000e+00
 2.31599e+05
 2.31599e+05
 1.15799e+05
 2.31599e+05
 0.00000e+00
-1.14187e-26
 2.31599e+05
 4.32864e-25
-4.19401e-25
 1.15799e+05
-5.14253e-11
 2.31599e+05
 2.31599e+05
 0.00000e+00
 2.31599e+05
 1.15799e+05
-5.14253e-11
 2.31599e+05
 0.00000e+00
 2.31599e+05
 0.00000e+00
 5.78997e+04
-5.14253e-11
 2.31599e+05
 2.31599e+05
 0.00000e+00
 2.31599e+05
 0.00000e+00
 2.31599e+05
 0.00000e+00
 9.92567e+04
 0.00000e+00
 9.92567e+04
 0.00000e+00
 2.31599e+05
 2.31599e+05
 0.00000e+00
 2.31599e+05
 4.17357e-25
 2.31599e+05
 2.31599e+05
 0.00000e+00
 0.00000e+00
 2.31599e+05
 0.00000e+00
 2.31599e+05
 0.00000e+00
 2.31599e+05
-2.57126e-10
 0.00000e+00
 2.31599e+05
 2.31599e+05
 1.26166e+05
 2.31599e+05
 2.31599e+05
 2.31599e+05
 0.00000e+00
 2.31599e+05
-5.14253e-11
 2.31599e+05
 0.00000e+00
 2.31599e+05
 0.00000e+00
 2.31599e+05
 2.31599e+05
 0.00000e+00
 2.31599e+05
 0.00000e+00
 2.31599e+05
 2.31599e+05
 0.00000e+00
 2.31599e+05
 2.31599e+05
 2.31599e+05
 2.31599e+05
 0.00000e+00
 2.31599e+05
-5.14253e-11
-5.14253e-11
 2.31599e+05
 0.00000e+00
 2.31599e+05
 0.00000e+00
 2.31599e+05
 2.31599e+05
 2.31599e+05
 2.31599e+05
 2.31599e+05
 2.31599e+05
 0.00000e+00
 2.31599e+05
-5.14253e-11
 2.31599e+05
 0.00000e+00
 2.31599e+05
 0.00000e+00
 2.31599e+05
-5.14253e-11
 2.31599e+05
 0.00000e+00
 2.15848e+05
 2.15848e+05
 2.15848e+05
 2.15848e+05
 2.15848e+05
 2.15848e+05
 2.15848e+05
 2.15848e+05
 2.15848e+05
 2.15848e+05
 2.15848e+05
 2.15848e+05
 2.15848e+05
 2.15848e+05
 2.15848e+05
 2.15848e+05
 2.15848e+05
 2.15848e+05
 2.15848e+05
 2.15848e+05
 2.15848e+05
 2.23723e+05
 2.15848e+05
 2.15848e+05
 2.15848e+05
 2.15848e+05
 2.15848e+05
 2.15848e+05
 2.15848e+05
 2.23723e+05
 2.15848e+05
 2.15848e+05
 2.15848e+05
 2.23723e+05
 2.15848e+05
 2.15848e+05
 2.15848e+05
 2.15848e+05
 2.15848e+05
 2.15848e+05
 2.15848e+05
 2.15848e+05
 2.15848e+05
 2.15848e+05
 2.15848e+05
 2.15848e+05
 2.15848e+05
 2.15848e+05
 2.15848e+05
 2.15848e+05
 2.15848e+05
 2.15848e+05
 2.15848e+05
 2.15848e+05
 2.15848e+05
 2.15848e+05
 2.21098e+05
 2.15848e+05
 2.15848e+05
 2.15848e+05
 2.15848e+05
 2.23723e+05
 2.15848e+05
 2.15848e+05
 2.23723e+05
 2.15848e+05
 2.15848e+05
 2.26349e+05
 2.15848e+05
 2.23723e+05
 2.23723e+05
 2.15848e+05
 2.15848e+05
 2.23723e+05
 2.15848e+05
 2.15848e+05
 2.23723e+05
 2.15848e+05
 2.15848e+05
 2.15848e+05
 2.19786e+05
 2.15848e+05
 2.15848e+05
 2.15848e+05
 2.15848e+05
 2.22598e+05
 2.15848e+05
 2.22598e+05
 2.15848e+05
 2.15848e+05
 2.15848e+05
 2.15848e+05
 2.15848e+05
 2.15848e+05
 2.15848e+05
 2.15848e+05
 2.15848e+05
 2.15848e+05
 2.15848e+05
 2.15848e+05
 2.15848e+05
 2.15848e+05
 2.15848e+05
 2.15848e+05
 2.15848e+05
 2.15848e+05
 2.15848e+05
 2.15848e+05
 2.15848e+05
 2.15848e+05
 2.15848e+05
 2.15848e+05
 2.15848e+05
 2.15848e+05
 2.15848e+05
 2.15848e+05
 2.15848e+05
 2.15848e+05
 2.15848e+05
 2.22693e+05
 2.22693e+05
 2.22693e+05
 2.22693e+05
 2.22693e+05
 2.22693e+05
 2.22693e+05
 2.22693e+05
 2.22693e+05
 2.22693e+05
 2.22693e+05
 2.22693e+05
 2.22693e+05
 2.22693e+05
 2.22693e+05
 2.22693e+05
 2.22693e+05
 2.22693e+05
 2.22693e+05
 2.22693e+05
 2.22693e+05
 2.22693e+05
 2.22693e+05
 2.22693e+05
 2.19271e+05
 2.22693e+05
 2.22693e+05
 2.22693e+05
 2.22693e+05
 2.22693e+05
 2.22693e+05
 2.22693e+05
 2.22693e+05
 2.22693e+05
 2.22693e+05
 2.22693e+05
 2.22693e+05
 2.22693e+05
 2.22693e+05
 2.22693e+05
 2.22693e+05
 2.22693e+05
 2.22693e+05
 2.22693e+05
 2.22693e+05
 2.22693e+05
 2.22693e+05
 2.22693e+05
 2.22693e+05
 2.22693e+05
 2.22693e+05
 2.22693e+05
 2.22693e+05
 2.22693e+05
 2.22693e+05
 2.22693e+05
 2.22693e+05
 2.22693e+05
 2.22693e+05
 2.22693e+05
 2.22693e+05
 2.22693e+05
 2.22693e+05
 2.22693e+05
 2.22693e+05
 2.22693e+05
 2.22693e+05
 2.22693e+05
 2.19271e+05
 2.22693e+05
 2.22693e+05
 2.22693e+05
 2.22693e+05
 2.22693e+05
 2.22693e+05
 2.22693e+05
 2.22693e+05
 2.22693e+05
 2.22693e+05
 2.22693e+05
 2.22693e+05
 2.22693e+05
 2.22693e+05
 2.22693e+05
 2.22693e+05
 2.22693e+05
 2.22693e+05
 2.22693e+05
 2.22693e+05
 2.22693e+05
 2.22693e+05
 2.22693e+05
 2.22693e+05
 2.22693e+05
 2.22693e+05
 2.22693e+05
 2.22693e+05
 2.22693e+05
 2.22693e+05
 2.22693e+05
 2.22693e+05
 2.22693e+05
 2.22693e+05
 2.22693e+05
 2.22693e+05
 2.22693e+05
 2.22693e+05
 2.22693e+05
 2.25244e+05
 2.25244e+05
 2.25244e+05
 2.25244e+05
 2.25244e+05
 2.25244e+05
 2.25244e+05
 2.25244e+05
 2.25244e+05
 2.25244e+05
 2.25244e+05
 2.25244e+05
 2.25244e+05
 2.25244e+05
 2.25244e+05
 2.25244e+05
 2.25244e+05
 2.25244e+05
 2.25244e+05
 2.25244e+05
 2.23969e+05
 2.25244e+05
 2.25244e+05
 2.25244e+05
 2.25244e+05
 2.25244e+05
 2.25244e+05
 2.25244e+05
 2.25244e+05
 2.25244e+05
 2.23969e+05
 2.25244e+05
 2.25244e+05
 2.25244e+05
 2.25244e+05
 2.25244e+05
 2.25244e+05
 2.25244e+05
 2.25244e+05
 2.25244e+05
 2.25244e+05
 2.25244e+05
 2.25244e+05
 2.25244e+05
 2.25244e+05
 2.25244e+05
 2.25244e+05
 2.25244e+05
 2.25244e+05
 2.25244e+05
 2.25244e+05
 2.25244e+05
 2.25244e+05
 2.25244e+05
 2.25244e+05
 2.23969e+05
 2.25244e+05
 2.25244e+05
 2.25244e+05
 2.25244e+05
 2.23969e+05
 2.25244e+05
 2.25244e+05
 2.25244e+05
 2.25244e+05
 2.25244e+05
 2.25244e+05
 2.23331e+05
 2.25244e+05
 2.25244e+05
 2.25244e+05
 2.25244e+05
 2.25244e+05
 2.25244e+05
 2.25244e+05
 2.25244e+05
 2.25244e+05
 2.25244e+05
 2.25244e+05
 2.25244e+05
 2.25244e+05
 2.25244e+05
 2.25244e+05
 2.25244e+05
 2.25244e+05
 2.25244e+05
 2.25244e+05
 2.25244e+05
 2.25244e+05
 2.25244e+05
 2.25244e+05
 2.25244e+05
 2.25244e+05
 2.25244e+05
 2.25244e+05
 2.25244e+05
 2.25244e+05
 2.25244e+05
 2.25244e+05
 2.25244e+05
 2.25244e+05
 2.25244e+05
 2.25244e+05
 2.25244e+05
 2.25244e+05
 2.25244e+05
 2.25244e+05
 2.25244e+05
 2.25244e+05
 2.26157e+05
 2.26157e+05
 2.26157e+05
 2.26157e+05
 2.26157e+05
 2.26157e+05
 2.26157e+05
 2.26157e+05
 2.26157e+05
 2.26157e+05
 2.26157e+05
 2.26157e+05
 2.26157e+05
 2.26157e+05
 2.26157e+05
 2.26157e+05
 2.26157e+05
 2.26157e+05
 2.25700e+05
 2.26157e+05
 2.26157e+05
 2.26157e+05
 2.26157e+05
 2.26157e+05
 2.26157e+05
 2.26157e+05
 2.26157e+05
 2.26157e+05
 2.26157e+05
 2.26157e+05
 2.25700e+05
 2.26157e+05
 2.26157e+05
 2.26157e+05
 2.26157e+05
 2.26157e+05
 2.26157e+05
 2.26157e+05
 2.26157e+05
 2.26157e+05
 2.26157e+05
 2.26157e+05
 2.26157e+05
 2.26157e+05
 2.26157e+05
 2.26157e+05
 2.26157e+05
 2.26157e+05
 2.26157e+05
 2.26157e+05
 2.26157e+05
 2.26157e+05
 2.26157e+05
 2.26157e+05
 2.26157e+05
 2.26157e+05
 2.26157e+05
 2.26157e+05
 2.26157e+05
 2.26157e+05
 2.26157e+05
 2.26157e+05
 2.26157e+05
 2.25700e+05
 2.26157e+05
 2.26157e+05
 2.26157e+05
 2.25700e+05
 2.26157e+05
 2.25700e+05
 2.26157e+05
 2.26157e+05
 2.26157e+05
 2.25700e+05
 2.26157e+05
 2.26157e+05
 2.26157e+05
 2.26157e+05
 2.25929e+05
 2.26157e+05
 2.26157e+05
 2.26157e+05
 2.26157e+05
 2.26157e+05
 2.26157e+05
 2.26157e+05
 2.26157e+05
 2.26157e+05
 2.26157e+05
 2.26157e+05
 2.26157e+05
 2.26157e+05
 2.26157e+05
 2.26157e+05
 2.26157e+05
 2.26157e+05
 2.26157e+05
 2.26157e+05
 2.26157e+05
 2.26157e+05
 2.26157e+05
 2.26157e+05
 2.26157e+05
 2.26157e+05
 2.26157e+05
 2.26157e+05
 2.26157e+05
 2.26157e+05
 2.26157e+05
 2.26157e+05
 2.26157e+05
 2.26157e+05
 2.26157e+05
 2.26157e+05
 2.26157e+05
 2.26157e+05
 2.26157e+05
 2.26157e+05
 2.26157e+05
 2.26157e+05
 2.26383e+05
 2.26383e+05
 2.26383e+05
 2.26383e+05
 2.26383e+05
 2.26383e+05
 2.26383e+05
 2.26383e+05
 2.26383e+05
 2.26383e+05
 2.26383e+05
 2.26383e+05
 2.26383e+05
 2.26383e+05
 2.26383e+05
 2.26383e+05
 2.26383e+05
 2.26383e+05
 2.26383e+05
 2.26383e+05
 2.26383e+05
 2.26383e+05
 2.26383e+05
 2.26383e+05
 2.26383e+05
 2.26383e+05
 2.26383e+05
 2.26383e+05
 2.26383e+05
 2.26270e+05
 2.26383e+05
 2.26383e+05
 2.26383e+05
 2.26383e+05
 2.26383e+05
 2.26383e+05
 2.26383e+05
 2.26383e+05
 2.26383e+05
 2.26383e+05
 2.26270e+05
 2.26383e+05
 2.26383e+05
 2.26383e+05
 2.26383e+05
 2.26383e+05
 2.26383e+05
 2.26383e+05
 2.26383e+05
 2.26383e+05
 2.26383e+05
 2.26383e+05
 2.26383e+05
 2.26383e+05
 2.26383e+05
 2.26383e+05
 2.26383e+05
 2.26383e+05
 2.26383e+05
 2.26383e+05
 2.26383e+05
 2.26383e+05
 2.26270e+05
 2.26383e+05
 2.26383e+05
 2.26383e+05
 2.26383e+05
 2.26383e+05
 2.26383e+05
 2.26270e+05
 2.26270e+05
 2.26383e+05
 2.26383e+05
 2.26383e+05
 2.26270e+05
 2.26383e+05
 2.26383e+05
 2.26383e+05
 2.26383e+05
 2.26383e+05
 2.26383e+05
 2.26383e+05
 2.26326e+05
 2.26383e+05
 2.26383e+05
 2.26383e+05
 2.26383e+05
 2.26383e+05
 2.26383e+05
 2.26383e+05
 2.26383e+05
 2.26383e+05
 2.26383e+05
 2.26383e+05
 2.26383e+05
 2.26383e+05
 2.26383e+05
 2.26383e+05
 2.26383e+05
 2.26383e+05
 2.26383e+05
 2.26383e+05
 2.26383e+05
 2.26383e+05
 2.26383e+05
 2.26383e+05
 2.26383e+05
 2.26383e+05
 2.26383e+05
 2.26383e+05
 2.26383e+05
 2.26383e+05
 2.26383e+05
 2.26157e+05
 2.26157e+05
 2.26157e+05
 2.26157e+05
 2.26157e+05
 2.26157e+05
 2.26157e+05
 2.26157e+05
 2.26157e+05
 2.26157e+05
 2.26157e+05
 2.26157e+05
 2.26157e+05
 2.26157e+05
 2.26157e+05
 2.26157e+05
 2.26157e+05
 2.26157e+05
 2.26157e+05
 2.26157e+05
 2.26157e+05
 2.26157e+05
 2.26157e+05
 2.26157e+05
 2.26157e+05
 2.26157e+05
 2.26157e+05
 2.26157e+05
 2.26157e+05
 2.26157e+05
 2.26157e+05
 2.26157e+05
 2.26157e+05
 2.26157e+05
 2.26157e+05
 2.26157e+05
 2.26157e+05
 2.26157e+05
 2.26157e+05
 2.26157e+05
 2.26157e+05
 2.26157e+05
 2.26157e+05
 2.26157e+05
 2.26157e+05
 2.26157e+05
 2.26157e+05
 2.26157e+05
 2.26157e+05
 2.26157e+05
 2.26157e+05
 2.26157e+05
 2.26157e+05
 2.26157e+05
 2.26157e+05
 2.26157e+05
 2.26157e+05
 2.26157e+05
 2.26157e+05
 2.26157e+05
 2.26157e+05
 2.26157e+05
 2.26157e+05
 2.26157e+05
 2.26157e+05
 2.26157e+05
 2.26157e+05
 2.26157e+05
 2.26157e+05
 2.26157e+05
 2.26157e+05
 2.26157e+05
 2.26157e+05
 2.26157e+05
 2.26157e+05
 2.26157e+05
 2.26157e+05
 2.26157e+05
 2.26157e+05
 2.26286e+05
 2.26157e+05
 2.26157e+05
 2.26157e+05
 2.26157e+05
 2.26157e+05
 2.26157e+05
 2.26157e+05
 2.26157e+05
 2.26157e+05
 2.26157e+05
 2.26157e+05
 2.26157e+05
 2.26157e+05
 2.26157e+05
 2.26157e+05
 2.26157e+05
 2.26157e+05
 2.26157e+05
 2.26157e+05
 2.26157e+05
 2.26157e+05
 2.26157e+05
 2.26157e+05
 2.26157e+05
 2.26157e+05
 2.26157e+05
 2.26157e+05
 2.26157e+05
 2.25244e+05
 2.25244e+05
 2.25244e+05
 2.25244e+05
 2.25244e+05
 2.25244e+05
 2.25244e+05
 2.25244e+05
 2.25244e+05
 2.25244e+05
 2.25244e+05
 2.25244e+05
 2.25244e+05
 2.25244e+05
 2.25244e+05
 2.25244e+05
 2.25244e+05
 2.25244e+05
 2.25244e+05
 2.25244e+05
 2.25244e+05
 2.25244e+05
 2.25700e+05
 2.25244e+05
 2.25244e+05
 2.25244e+05
 2.25244e+05
 2.25244e+05
 2.25244e+05
 2.25244e+05
 2.25244e+05
 2.25244e+05
 2.25244e+05
 2.25244e+05
 2.25244e+05
 2.25244e+05
 2.25244e+05
 2.25244e+05
 2.25244e+05
 2.25244e+05
 2.25244e+05
 2.25244e+05
 2.25244e+05
 2.25244e+05
 2.25244e+05
 2.25244e+05
 2.25244e+05
 2.25244e+05
 2.25244e+05
 2.25244e+05
 2.25244e+05
 2.25244e+05
 2.25244e+05
 2.25244e+05
 2.25244e+05
 2.25244e+05
 2.25244e+05
 2.25244e+05
 2.25244e+05
 2.25244e+05
 2.25244e+05
 2.25244e+05
 2.25244e+05
 2.25244e+05
 2.25244e+05
 2.25244e+05
 2.25244e+05
 2.25244e+05
 2.25244e+05
 2.25244e+05
 2.25244e+05
 2.25244e+05
 2.25244e+05
 2.25244e+05
 2.25244e+05
 2.25244e+05
 2.25244e+05
 2.25244e+05
 2.25244e+05
 2.25244e+05
 2.25244e+05
 2.25244e+05
 2.25244e+05
 2.25244e+05
 2.25244e+05
 2.25244e+05
 2.25244e+05
 2.25244e+05
 2.25244e+05
 2.25244e+05
 2.25244e+05
 2.25244e+05
 2.25244e+05
 2.25244e+05
 2.25244e+05
 2.25244e+05
 2.25244e+05
 2.25244e+05
 2.25244e+05
 2.25244e+05
 2.25244e+05
 2.25244e+05
 2.25244e+05
 2.25244e+05
 2.25244e+05
 2.22693e+05
 2.22693e+05
 2.22693e+05
 2.22693e+05
 2.22693e+05
 2.22693e+05
 2.22693e+05
 2.22693e+05
 2.22693e+05
 2.22693e+05
 2.22693e+05
 2.22693e+05
 2.22693e+05
 2.22693e+05
 2.22693e+05
 2.22693e+05
 2.22693e+05
 2.22693e+05
 2.22693e+05
 2.22693e+05
 2.22693e+05
 2.22693e+05
 2.22693e+05
 2.22693e+05
 2.23969e+05
 2.22693e+05
 2.22693e+05
 2.22693e+05
 2.22693e+05
 2.22693e+05
 2.22693e+05
 2.22693e+05
 2.22693e+05
 2.22693e+05
 2.22693e+05
 2.22693e+05
 2.22693e+05
 2.22693e+05
 2.22693e+05
 2.22693e+05
 2.22693e+05
 2.22693e+05
 2.22693e+05
 2.22693e+05
 2.22693e+05
 2.22693e+05
 2.22693e+05
 2.22693e+05
 2.22693e+05
 2.22693e+05
 2.22693e+05
 2.22693e+05
 2.22693e+05
 2.22693e+05
 2.22693e+05
 2.22693e+05
 2.22693e+05
 2.22693e+05
 2.22693e+05
 2.22693e+05
 2.22693e+05
 2.22693e+05
 2.22693e+05
 2.22693e+05
 2.22693e+05
 2.22693e+05
 2.22693e+05
 2.22693e+05
 2.22693e+05
 2.22693e+05
 2.22693e+05
 2.22693e+05
 2.22693e+05
 2.22693e+05
 2.22693e+05
 2.22693e+05
 2.22693e+05
 2.22693e+05
 2.22693e+05
 2.22693e+05
 2.22693e+05
 2.23786e+05
 2.22693e+05
 2.22693e+05
 2.22693e+05
 2.22693e+05
 2.22693e+05
 2.22693e+05
 2.22693e+05
 2.22693e+05
 2.22693e+05
 2.22693e+05
 2.22693e+05
 2.22693e+05
 2.22693e+05
 2.22693e+05
 2.22693e+05
 2.22693e+05
 2.22693e+05
 2.22693e+05
 2.22693e+05
 2.22693e+05
 2.22693e+05
 2.22693e+05
 2.22693e+05
 2.22693e+05
 2.22693e+05
 2.22693e+05
 2.15848e+05
 2.15848e+05
 2.15848e+05
 2.15848e+05
 2.15848e+05
 2.15848e+05
 2.15848e+05
 2.15848e+05
 2.15848e+05
 2.15848e+05
 2.15848e+05
 2.15848e+05
 2.15848e+05
 2.15848e+05
 2.15848e+05
 2.15848e+05
 2.15848e+05
 2.15848e+05
 2.15848e+05
 2.15848e+05
 2.15848e+05
 2.15848e+05
 2.15848e+05
 2.15848e+05
 2.15848e+05
 2.15848e+05
 2.15848e+05
 2.15848e+05
 2.15848e+05
 2.15848e+05
 2.15848e+05
 2.15848e+05
 2.15848e+05
 2.15848e+05
 2.15848e+05
 2.15848e+05
 2.15848e+05
 2.15848e+05
 2.15848e+05
 2.15848e+05
 2.15848e+05
 2.15848e+05
 2.15848e+05
 2.15848e+05
 2.15848e+05
 2.15848e+05
 2.15848e+05
 2.15848e+05
 2.15848e+05
 2.15848e+05
 2.15848e+05
 2.15848e+05
 2.15848e+05
 2.15848e+05
 2.15848e+05
 2.15848e+05
 2.15848e+05
 2.15848e+05
 2.15848e+05
 2.15848e+05
 2.15848e+05
 2.15848e+05
 2.15848e+05
 2.15848e+05
 2.15848e+05
 2.15848e+05
 2.15848e+05
 2.15848e+05
 2.15848e+05
 2.15848e+05
 2.15848e+05
 2.15848e+05
 2.15848e+05
 2.15848e+05
 2.15848e+05
 2.20982e+05
 2.15848e+05
 2.15848e+05
 2.15848e+05
 2.15848e+05
 2.15848e+05
 2.15848e+05
 2.15848e+05
 2.15848e+05
 2.15848e+05
 2.15848e+05
 2.15848e+05
 2.15848e+05
 2.15848e+05
 2.15848e+05
 2.15848e+05
 2.15848e+05
 2.15848e+05
 2.15848e+05
 2.15848e+05
 2.15848e+05
 2.15848e+05
 2.15848e+05
 2.15848e+05
 2.15848e+05
 2.15848e+05
 2.15848e+05
 2.15848e+05
 2.15848e+05
 2.15848e+05
 2.15848e+05
 2.15848e+05
 2.15848e+05
 2.15848e+05
 2.31599e+05
 2.31599e+05
 2.31599e+05
 2.31599e+05
 2.31599e+05
 2.31599e+05
 2.31599e+05
 2.31599e+05
 2.31599e+05
 2.31599e+05
 2.31599e+05
 2.31599e+05
 2.31599e+05
 2.31599e+05
 2.31599e+05
 2.31599e+05
 2.31599e+05
 2.31599e+05
 2.31599e+05
 2.31599e+05
 2.31599e+05
 2.31599e+05
 2.31599e+05
 2.31599e+05
 2.31599e+05
 2.31599e+05
 2.31599e+05
 2.31599e+05
 2.31599e+05
 2.31599e+05
 2.31599e+05
 2.31599e+05
 2.31599e+05
 2.31599e+05
 2.31599e+05
 2.31599e+05
 2.31599e+05
 2.31599e+05
 2.23723e+05
 2.31599e+05
 2.31599e+05
 2.31599e+05
 2.31599e+05
 2.31599e+05
 2.31599e+05
 2.31599e+05
 2.31599e+05
 2.31599e+05
 2.31599e+05
 2.31599e+05
 2.31599e+05
 2.31599e+05
 2.31599e+05
 2.31599e+05
 2.31599e+05
 2.31599e+05
 2.31599e+05
 2.31599e+05
 2.31599e+05
 2.31599e+05
 2.31599e+05
 2.31599e+05
 2.31599e+05
 2.31599e+05
 2.31599e+05
 2.23723e+05
 2.31599e+05
 2.31599e+05
 2.31599e+05
 2.31599e+05
 2.31599e+05
 2.31599e+05
 2.31599e+05
 2.27661e+05
 2.31599e+05
 2.31599e+05
 2.31599e+05
 2.31599e+05
 2.31599e+05
 2.31599e+05
 2.31599e+05
 2.31599e+05
 2.31599e+05
 2.31599e+05
 2.31599e+05
 2.31599e+05
 2.31599e+05
 2.31599e+05
 2.31599e+05
 2.31599e+05
 2.31599e+05
 2.31599e+05
 2.31599e+05
 2.31599e+05
 2.31599e+05
 2.31599e+05
 2.31599e+05
 2.31599e+05
 2.31599e+05
 2.31599e+05
 2.31599e+05
 2.31599e+05
 2.31599e+05
 2.31599e+05
 2.31599e+05
 2.31599e+05
 2.31599e+05
 1.26166e+05
 0.00000e+00
 0.00000e+00
 0.00000e+00
 0.00000e+00
 0.00000e+00
 0.00000e+00
 0.00000e+00
 0.00000e+00
 0.00000e+00
 0.00000e+00
 0.00000e+00
 0.00000e+00
 0.00000e+00
 0.00000e+00
 0.00000e+00
 0.00000e+00
 0.00000e+00
 0.00000e+00
 0.00000e+00
 0.00000e+00
 0.00000e+00
 0.00000e+00
 0.00000e+00
 0.00000e+00
 0.00000e+00
 2.28374e-26
 7.26011e-26
 0.00000e+00
 0.00000e+00
 0.00000e+00
 0.00000e+00
 0.00000e+00
 0.00000e+00
 0.00000e+00
 0.00000e+00
 2.15410e-25
 0.00000e+00
 0.00000e+00
 1.15799e+05
-4.97637e-26
 0.00000e+00
 0.00000e+00
 0.00000e+00
 0.00000e+00
 0.00000e+00
 0.00000e+00
 0.00000e+00
 0.00000e+00
 0.00000e+00
 0.00000e+00
 0.00000e+00
 0.00000e+00
 0.00000e+00
 0.00000e+00
 0.00000e+00
 0.00000e+00
 0.00000e+00
 0.00000e+00
 0.00000e+00
 0.00000e+00
 0.00000e+00
 0.00000e+00
 0.00000e+00
 0.00000e+00
 0.00000e+00
 0.00000e+00
 1.34631e-26
 0.00000e+00
 1.15799e+05
 4.19401e-25
-4.07983e-25
 0.00000e+00
 0.00000e+00
 0.00000e+00
 0.00000e+00
 0.00000e+00
 0.00000e+00
 0.00000e+00
 0.00000e+00
 0.00000e+00
 0.00000e+00
 0.00000e+00
 0.00000e+00
 4.42239e-25
 0.00000e+00
 0.00000e+00
 0.00000e+00
 0.00000e+00
 2.11321e-25
 0.00000e+00
 1.26166e+05
 0.00000e+00
 0.00000e+00
 0.00000e+00
 0.00000e+00
 0.00000e+00
 0.00000e+00
 0.00000e+00
 0.00000e+00
 0.00000e+00
 0.00000e+00
 0.00000e+00
 0.00000e+00
 0.00000e+00
 0.00000e+00
 0.00000e+00
 0.00000e+00
