scalar
part
         1
coordinates
 1.31950e+05
 2.08274e+05
 2.08274e+05
 2.31231e-11
 2.08274e+05
 2.31231e-11
 2.08274e+05
 2.31231e-11
-3.23117e-27
 2.08274e+05
 2.31231e-11
 2.08274e+05
 2.31231e-11
 2.08274e+05
 2.31231e-11
 3.23117e-27
 2.08274e+05
 2.31231e-11
 2.08274e+05
 0.00000e+00
 0.00000e+00
 2.08274e+05
 2.31231e-11
 2.08274e+05
 0.00000e+00
 2.08274e+05
 2.31231e-11
 2.08274e+05
 0.00000e+00
 2.08274e+05
 2.08274e+05
 2.31231e-11
-3.54462e-26
 2.08274e+05
 2.31231e-11
 2.08274e+05
 2.31231e-11
 2.08274e+05
-2.75693e-26
 2.08274e+05
 2.08274e+05
 2.08274e+05
 2.08274e+05
 2.31231e-11
 2.08274e+05
 2.31231e-11
 2.08274e+05
 2.31231e-11
 2.08274e+05
 2.31231e-11
 2.08274e+05
 0.00000e+00
 2.08274e+05
 1.31950e+05
 2.08274e+05
 2.08274e+05
 2.08274e+05
 2.08274e+05
 2.08274e+05
 2.08274e+05
 2.08274e+05
 2.08274e+05
 2.08274e+05
 2.08274e+05
 2.08274e+05
 2.08274e+05
 2.08274e+05
 2.08274e+05
 2.08274e+05
 2.08274e+05
 2.08274e+05
 2.08274e+05
 2.08274e+05
 2.08274e+05
 2.08274e+05
 2.08274e+05
 2.08274e+05
 2.08274e+05
 2.08274e+05
 2.08274e+05
 2.08274e+05
 2.08274e+05
 1.31950e+05
 0.00000e+00
 0.00000e+00
 0.00000e+00
 0.00000e+00
 0.00000e+00
 0.00000e+00
 0.00000e+00
 0.00000e+00
 0.00000e+00
 0.00000e+00
 0.00000e+00
 0.00000e+00
 0.00000e+00
 0.00000e+00
 0.00000e+00
 0.00000e+00
-3.54462e-26
 0.00000e+00
 0.00000e+00
 0.00000e+00
-2.50021e-26
 0.00000e+00
 0.00000e+00
 0.00000e+00
 0.00000e+00
 1.31950e+05
