scalar
part
         1
coordinates
 3.12192e+05
 3.26130e+05
 3.26130e+05
 0.00000e+00
 3.26130e+05
 0.00000e+00
 3.26130e+05
 0.00000e+00
 3.26130e+05
 0.00000e+00
 3.26130e+05
 0.00000e+00
 3.26130e+05
 0.00000e+00
 3.26130e+05
 0.00000e+00
 3.62077e-11
 3.26130e+05
 0.00000e+00
 3.26130e+05
 0.00000e+00
 3.26130e+05
 0.00000e+00
 3.26130e+05
 0.00000e+00
 3.26130e+05
 3.26130e+05
 0.00000e+00
 3.26130e+05
 3.62077e-11
 3.26130e+05
-7.24154e-11
 3.26130e+05
-7.24154e-11
 3.26130e+05
-7.24154e-11
 0.00000e+00
 3.26130e+05
 3.62077e-11
 3.26130e+05
 0.00000e+00
 3.26130e+05
 0.00000e+00
 3.26130e+05
 0.00000e+00
 3.26130e+05
 0.00000e+00
 3.26130e+05
 0.00000e+00
 3.26130e+05
 0.00000e+00
 3.26130e+05
 0.00000e+00
 3.26130e+05
 0.00000e+00
 3.26130e+05
-7.24154e-11
 3.26130e+05
-7.24154e-11
 3.26130e+05
 0.00000e+00
 3.26130e+05
-7.24154e-11
 3.26130e+05
 3.26130e+05
 0.00000e+00
 0.00000e+00
 3.26130e+05
 0.00000e+00
 3.26130e+05
 0.00000e+00
 3.26130e+05
 0.00000e+00
 3.26130e+05
 0.00000e+00
 3.26130e+05
 0.00000e+00
 3.26130e+05
 3.41172e-25
 3.26130e+05
 3.26130e+05
 0.00000e+00
-5.68620e-25
 3.26130e+05
-1.81039e-10
 3.26130e+05
 3.26130e+05
 0.00000e+00
 3.26130e+05
 3.26130e+05
 0.00000e+00
 3.26130e+05
-7.24154e-11
 3.26130e+05
 0.00000e+00
 3.26130e+05
 0.00000e+00
 3.26130e+05
 0.00000e+00
 3.26130e+05
 0.00000e+00
 3.26130e+05
 0.00000e+00
 3.26130e+05
 0.00000e+00
 3.26130e+05
 0.00000e+00
 3.26130e+05
 3.12192e+05
 2.80324e+04
 2.80324e+04
 2.80324e+04
 2.80324e+04
 2.80324e+04
 2.80324e+04
 2.80324e+04
 2.80324e+04
 2.80324e+04
 2.80324e+04
 2.80324e+04
 2.80324e+04
 2.80324e+04
 2.80324e+04
 2.80324e+04
 2.80324e+04
 2.80324e+04
 2.80324e+04
 2.80324e+04
 2.80324e+04
 2.80324e+04
 2.80324e+04
 2.80324e+04
 2.80324e+04
 2.80324e+04
 2.80324e+04
 2.80324e+04
 2.80324e+04
 2.80324e+04
 2.80324e+04
 2.80324e+04
 2.80324e+04
 2.80324e+04
 2.80324e+04
 2.80324e+04
 2.80324e+04
 2.80324e+04
 2.80324e+04
 2.80324e+04
 2.80324e+04
 2.80324e+04
 2.80324e+04
 2.80324e+04
 2.80324e+04
 2.80324e+04
 2.80324e+04
 2.80324e+04
 2.80324e+04
 2.80324e+04
 2.80324e+04
 2.80324e+04
 2.80324e+04
 2.80324e+04
 2.80324e+04
 2.81889e+04
 2.81889e+04
 2.81889e+04
 2.81889e+04
 2.81889e+04
 2.81889e+04
 2.81889e+04
 2.81889e+04
 2.81889e+04
 2.81889e+04
 2.81889e+04
 2.81889e+04
 2.81889e+04
 2.81889e+04
 2.81889e+04
 2.81889e+04
 2.81889e+04
 2.81889e+04
 2.81889e+04
 2.81889e+04
 2.81889e+04
 2.81889e+04
 2.81889e+04
 2.81889e+04
 2.81889e+04
 2.81889e+04
 2.81889e+04
 2.81889e+04
 2.81889e+04
 2.81889e+04
 2.81889e+04
 2.81889e+04
 2.81889e+04
 2.81889e+04
 2.81889e+04
 2.81889e+04
 2.81889e+04
 2.81889e+04
 2.81889e+04
 2.81889e+04
 2.81889e+04
 2.81889e+04
 2.81889e+04
 2.81889e+04
 2.81889e+04
 2.81889e+04
 2.81889e+04
 2.81889e+04
 2.81889e+04
 2.81889e+04
 2.81889e+04
 2.81889e+04
 2.81889e+04
 2.81889e+04
 2.80324e+04
 2.80324e+04
 2.80324e+04
 2.80324e+04
 2.80324e+04
 2.80324e+04
 2.80324e+04
 2.80324e+04
 2.80324e+04
 2.80324e+04
 2.80324e+04
 2.80324e+04
 2.80324e+04
 2.80324e+04
 2.80324e+04
 2.80324e+04
 2.80324e+04
 2.80324e+04
 2.80324e+04
 2.80324e+04
 2.80324e+04
 2.80324e+04
 2.80324e+04
 2.80324e+04
 2.80324e+04
 2.80324e+04
 2.80324e+04
 2.80324e+04
 2.80324e+04
 2.80324e+04
 2.80324e+04
 2.80324e+04
 2.80324e+04
 2.80324e+04
 2.80324e+04
 2.80324e+04
 2.80324e+04
 2.80324e+04
 2.80324e+04
 2.80324e+04
 2.80324e+04
 2.80324e+04
 2.80324e+04
 2.80324e+04
 2.80324e+04
 2.80324e+04
 2.80324e+04
 2.80324e+04
 2.80324e+04
 2.80324e+04
 2.80324e+04
 2.80324e+04
 3.26130e+05
 3.26130e+05
 3.26130e+05
 3.26130e+05
 3.26130e+05
 3.26130e+05
 3.26130e+05
 3.26130e+05
 3.26130e+05
 3.26130e+05
 3.26130e+05
 3.26130e+05
 3.26130e+05
 3.26130e+05
 3.26130e+05
 3.26130e+05
 3.26130e+05
 3.26130e+05
 3.26130e+05
 3.26130e+05
 3.26130e+05
 3.26130e+05
 3.26130e+05
 3.26130e+05
 3.26130e+05
 3.26130e+05
 3.26130e+05
 3.26130e+05
 3.26130e+05
 3.26130e+05
 3.26130e+05
 3.26130e+05
 3.26130e+05
 3.26130e+05
 3.26130e+05
 3.26130e+05
 3.26130e+05
 3.26130e+05
 3.26130e+05
 3.26130e+05
 3.26130e+05
 3.26130e+05
 3.26130e+05
 3.26130e+05
 3.26130e+05
 3.26130e+05
 3.26130e+05
 3.26130e+05
 3.26130e+05
 3.26130e+05
 3.26130e+05
 3.26130e+05
 3.26130e+05
 3.26130e+05
 3.12192e+05
 0.00000e+00
 0.00000e+00
 0.00000e+00
 0.00000e+00
 0.00000e+00
 0.00000e+00
 0.00000e+00
 0.00000e+00
 0.00000e+00
 0.00000e+00
 0.00000e+00
 0.00000e+00
 0.00000e+00
 0.00000e+00
 0.00000e+00
 0.00000e+00
 0.00000e+00
 4.54896e-26
 0.00000e+00
 0.00000e+00
 0.00000e+00
 0.00000e+00
 0.00000e+00
 0.00000e+00
 0.00000e+00
 0.00000e+00
 0.00000e+00
 0.00000e+00
 0.00000e+00
 0.00000e+00
 0.00000e+00
 0.00000e+00
 8.03973e-27
 0.00000e+00
 0.00000e+00
 0.00000e+00
 0.00000e+00
 0.00000e+00
 0.00000e+00
 3.41172e-25
-5.68620e-25
 0.00000e+00
-2.72937e-25
 0.00000e+00
 0.00000e+00
 0.00000e+00
 0.00000e+00
 0.00000e+00
 0.00000e+00
 0.00000e+00
 0.00000e+00
 0.00000e+00
 3.12192e+05
