scalar
part
         1
coordinates
 1.70101e+05
 1.70123e+05
 1.70123e+05
 1.88875e-11
 1.70123e+05
 1.88875e-11
 1.70123e+05
 1.88875e-11
 0.00000e+00
 1.70123e+05
 1.88875e-11
 1.70123e+05
 1.88875e-11
 1.70123e+05
 1.88875e-11
 3.23117e-27
 1.70123e+05
 1.88875e-11
 1.70123e+05
 0.00000e+00
 0.00000e+00
 1.70123e+05
 1.88875e-11
 1.70123e+05
 0.00000e+00
 1.70123e+05
 1.88875e-11
 1.70123e+05
 0.00000e+00
 1.70123e+05
 1.70123e+05
 1.88875e-11
-5.66073e-26
 1.70123e+05
 1.88875e-11
 1.70123e+05
 1.88875e-11
 1.70123e+05
-4.40279e-26
 1.70123e+05
 1.70123e+05
 1.70123e+05
 1.70123e+05
 1.88875e-11
 1.70123e+05
 1.88875e-11
 1.70123e+05
 1.88875e-11
 1.70123e+05
 1.88875e-11
 1.70123e+05
 0.00000e+00
 1.70123e+05
 1.70101e+05
 1.70123e+05
 1.70123e+05
 1.70123e+05
 1.70123e+05
 1.70123e+05
 1.70123e+05
 1.70123e+05
 1.70123e+05
 1.70123e+05
 1.70123e+05
 1.70123e+05
 1.70123e+05
 1.70123e+05
 1.70123e+05
 1.70123e+05
 1.70123e+05
 1.70123e+05
 1.70123e+05
 1.70123e+05
 1.70123e+05
 1.70123e+05
 1.70123e+05
 1.70123e+05
 1.70123e+05
 1.70123e+05
 1.70123e+05
 1.70123e+05
 1.70123e+05
 1.70101e+05
 0.00000e+00
 0.00000e+00
 0.00000e+00
 0.00000e+00
 0.00000e+00
 0.00000e+00
 0.00000e+00
 0.00000e+00
 0.00000e+00
 0.00000e+00
 0.00000e+00
 0.00000e+00
 0.00000e+00
 0.00000e+00
 0.00000e+00
 0.00000e+00
-5.66073e-26
 0.00000e+00
 0.00000e+00
 0.00000e+00
-4.19310e-26
 0.00000e+00
 0.00000e+00
 0.00000e+00
 0.00000e+00
 1.70101e+05
