scalar
part
         1
coordinates
 3.40189e+05
 3.40207e+05
 3.40207e+05
 0.00000e+00
 3.40207e+05
 0.00000e+00
 3.40207e+05
 0.00000e+00
 3.40207e+05
 0.00000e+00
 3.40207e+05
 0.00000e+00
 3.40207e+05
 0.00000e+00
 3.40207e+05
 0.00000e+00
 3.77705e-11
 3.40207e+05
 0.00000e+00
 3.40207e+05
 0.00000e+00
 3.40207e+05
 0.00000e+00
 3.40207e+05
 0.00000e+00
 3.40207e+05
 3.40207e+05
 0.00000e+00
 3.40207e+05
 3.77705e-11
 3.40207e+05
-7.55411e-11
 3.40207e+05
-7.55411e-11
 3.40207e+05
-7.55411e-11
 0.00000e+00
 3.40207e+05
 3.77705e-11
 3.40207e+05
 0.00000e+00
 3.40207e+05
 0.00000e+00
 3.40207e+05
 0.00000e+00
 3.40207e+05
 0.00000e+00
 3.40207e+05
 0.00000e+00
 3.40207e+05
 0.00000e+00
 3.40207e+05
 0.00000e+00
 3.40207e+05
 0.00000e+00
 3.40207e+05
-7.55411e-11
 3.40207e+05
-7.55411e-11
 3.40207e+05
 0.00000e+00
 3.40207e+05
-7.55411e-11
 3.40207e+05
 3.40207e+05
 0.00000e+00
 0.00000e+00
 3.40207e+05
 0.00000e+00
 3.40207e+05
 0.00000e+00
 3.40207e+05
 0.00000e+00
 3.40207e+05
 0.00000e+00
 3.40207e+05
 0.00000e+00
 3.40207e+05
 3.77377e-25
 3.40207e+05
 3.40207e+05
 0.00000e+00
-6.28962e-25
 3.40207e+05
-1.88853e-10
 3.40207e+05
 3.40207e+05
 0.00000e+00
 3.40207e+05
 3.40207e+05
 0.00000e+00
 3.40207e+05
-7.55411e-11
 3.40207e+05
 0.00000e+00
 3.40207e+05
 0.00000e+00
 3.40207e+05
 0.00000e+00
 3.40207e+05
 0.00000e+00
 3.40207e+05
 0.00000e+00
 3.40207e+05
 0.00000e+00
 3.40207e+05
 0.00000e+00
 3.40207e+05
 3.40189e+05
 3.54474e+01
 3.54474e+01
 3.54474e+01
 3.54474e+01
 3.54474e+01
 3.54474e+01
 3.54474e+01
 3.54474e+01
 3.54474e+01
 3.54474e+01
 3.54474e+01
 3.54474e+01
 3.54474e+01
 3.54474e+01
 3.54474e+01
 3.54474e+01
 3.54474e+01
 3.54474e+01
 3.54474e+01
 3.54474e+01
 3.54474e+01
 3.54474e+01
 3.54474e+01
 3.54474e+01
 3.54474e+01
 3.54474e+01
 3.54474e+01
 3.54474e+01
 3.54474e+01
 3.54474e+01
 3.54474e+01
 3.54474e+01
 3.54474e+01
 3.54474e+01
 3.54474e+01
 3.54474e+01
 3.54474e+01
 3.54474e+01
 3.54474e+01
 3.54474e+01
 3.54474e+01
 3.54474e+01
 3.54474e+01
 3.54474e+01
 3.54474e+01
 3.54474e+01
 3.54474e+01
 3.54474e+01
 3.54474e+01
 3.54474e+01
 3.54474e+01
 3.54474e+01
 3.54474e+01
 3.54474e+01
 3.54477e+01
 3.54477e+01
 3.54477e+01
 3.54477e+01
 3.54477e+01
 3.54477e+01
 3.54477e+01
 3.54477e+01
 3.54477e+01
 3.54477e+01
 3.54477e+01
 3.54477e+01
 3.54477e+01
 3.54477e+01
 3.54477e+01
 3.54477e+01
 3.54477e+01
 3.54477e+01
 3.54477e+01
 3.54477e+01
 3.54477e+01
 3.54477e+01
 3.54477e+01
 3.54477e+01
 3.54477e+01
 3.54477e+01
 3.54477e+01
 3.54477e+01
 3.54477e+01
 3.54477e+01
 3.54477e+01
 3.54477e+01
 3.54477e+01
 3.54477e+01
 3.54477e+01
 3.54477e+01
 3.54477e+01
 3.54477e+01
 3.54477e+01
 3.54477e+01
 3.54477e+01
 3.54477e+01
 3.54477e+01
 3.54477e+01
 3.54477e+01
 3.54477e+01
 3.54477e+01
 3.54477e+01
 3.54477e+01
 3.54477e+01
 3.54477e+01
 3.54477e+01
 3.54477e+01
 3.54477e+01
 3.54474e+01
 3.54474e+01
 3.54474e+01
 3.54474e+01
 3.54474e+01
 3.54474e+01
 3.54474e+01
 3.54474e+01
 3.54474e+01
 3.54474e+01
 3.54474e+01
 3.54474e+01
 3.54474e+01
 3.54474e+01
 3.54474e+01
 3.54474e+01
 3.54474e+01
 3.54474e+01
 3.54474e+01
 3.54474e+01
 3.54474e+01
 3.54474e+01
 3.54474e+01
 3.54474e+01
 3.54474e+01
 3.54474e+01
 3.54474e+01
 3.54474e+01
 3.54474e+01
 3.54474e+01
 3.54474e+01
 3.54474e+01
 3.54474e+01
 3.54474e+01
 3.54474e+01
 3.54474e+01
 3.54474e+01
 3.54474e+01
 3.54474e+01
 3.54474e+01
 3.54474e+01
 3.54474e+01
 3.54474e+01
 3.54474e+01
 3.54474e+01
 3.54474e+01
 3.54474e+01
 3.54474e+01
 3.54474e+01
 3.54474e+01
 3.54474e+01
 3.54474e+01
 3.40207e+05
 3.40207e+05
 3.40207e+05
 3.40207e+05
 3.40207e+05
 3.40207e+05
 3.40207e+05
 3.40207e+05
 3.40207e+05
 3.40207e+05
 3.40207e+05
 3.40207e+05
 3.40207e+05
 3.40207e+05
 3.40207e+05
 3.40207e+05
 3.40207e+05
 3.40207e+05
 3.40207e+05
 3.40207e+05
 3.40207e+05
 3.40207e+05
 3.40207e+05
 3.40207e+05
 3.40207e+05
 3.40207e+05
 3.40207e+05
 3.40207e+05
 3.40207e+05
 3.40207e+05
 3.40207e+05
 3.40207e+05
 3.40207e+05
 3.40207e+05
 3.40207e+05
 3.40207e+05
 3.40207e+05
 3.40207e+05
 3.40207e+05
 3.40207e+05
 3.40207e+05
 3.40207e+05
 3.40207e+05
 3.40207e+05
 3.40207e+05
 3.40207e+05
 3.40207e+05
 3.40207e+05
 3.40207e+05
 3.40207e+05
 3.40207e+05
 3.40207e+05
 3.40207e+05
 3.40207e+05
 3.40189e+05
 0.00000e+00
 0.00000e+00
 0.00000e+00
 0.00000e+00
 0.00000e+00
 0.00000e+00
 0.00000e+00
 0.00000e+00
 0.00000e+00
 0.00000e+00
 0.00000e+00
 0.00000e+00
 0.00000e+00
 0.00000e+00
 0.00000e+00
 0.00000e+00
 0.00000e+00
 5.03170e-26
 0.00000e+00
 0.00000e+00
 0.00000e+00
 0.00000e+00
 0.00000e+00
 0.00000e+00
 0.00000e+00
 0.00000e+00
 0.00000e+00
 0.00000e+00
 0.00000e+00
 0.00000e+00
 0.00000e+00
 0.00000e+00
 8.38674e-27
 0.00000e+00
 0.00000e+00
 0.00000e+00
 0.00000e+00
 0.00000e+00
 0.00000e+00
 3.77377e-25
-6.28962e-25
 0.00000e+00
-3.01902e-25
 0.00000e+00
 0.00000e+00
 0.00000e+00
 0.00000e+00
 0.00000e+00
 0.00000e+00
 0.00000e+00
 0.00000e+00
 0.00000e+00
 3.40189e+05
