Ensight Geometry File
Written by OpenFOAM 2306
node id assign
element id assign
part
         1
geometry
coordinates
      1250
-4.80000e+00
-4.80000e+00
-4.40000e+00
-4.40000e+00
-4.80000e+00
-4.40000e+00
-4.80000e+00
-4.40000e+00
-4.80000e+00
-4.40000e+00
-4.80000e+00
-4.40000e+00
-4.80000e+00
-4.40000e+00
-4.80000e+00
-4.40000e+00
-4.80000e+00
-4.40000e+00
-4.80000e+00
-4.40000e+00
-4.80000e+00
-4.40000e+00
-4.80000e+00
-4.40000e+00
-4.80000e+00
-4.40000e+00
-4.80000e+00
-4.40000e+00
-4.80000e+00
-4.40000e+00
-4.80000e+00
-4.40000e+00
-4.80000e+00
-4.40000e+00
-4.80000e+00
-4.40000e+00
-4.80000e+00
-4.40000e+00
-4.80000e+00
-4.40000e+00
-4.80000e+00
-4.40000e+00
-4.80000e+00
-4.40000e+00
-4.80000e+00
-4.40000e+00
-4.80000e+00
-4.40000e+00
-4.80000e+00
-4.40000e+00
-4.00000e+00
-4.00000e+00
-4.00000e+00
-4.00000e+00
-4.00000e+00
-4.00000e+00
-4.00000e+00
-4.00000e+00
-4.00000e+00
-4.00000e+00
-4.00000e+00
-4.00000e+00
-4.00000e+00
-4.00000e+00
-4.00000e+00
-4.00000e+00
-4.00000e+00
-4.00000e+00
-4.00000e+00
-4.00000e+00
-4.00000e+00
-4.00000e+00
-4.00000e+00
-4.00000e+00
-4.00000e+00
-3.60000e+00
-3.60000e+00
-3.60000e+00
-3.60000e+00
-3.60000e+00
-3.60000e+00
-3.60000e+00
-3.60000e+00
-3.60000e+00
-3.60000e+00
-3.60000e+00
-3.60000e+00
-3.60000e+00
-3.60000e+00
-3.60000e+00
-3.60000e+00
-3.60000e+00
-3.60000e+00
-3.60000e+00
-3.60000e+00
-3.60000e+00
-3.60000e+00
-3.60000e+00
-3.60000e+00
-3.60000e+00
-3.20000e+00
-3.20000e+00
-3.20000e+00
-3.20000e+00
-3.20000e+00
-3.20000e+00
-3.20000e+00
-3.20000e+00
-3.20000e+00
-3.20000e+00
-3.20000e+00
-3.20000e+00
-3.20000e+00
-3.20000e+00
-3.20000e+00
-3.20000e+00
-3.20000e+00
-3.20000e+00
-3.20000e+00
-3.20000e+00
-3.20000e+00
-3.20000e+00
-3.20000e+00
-3.20000e+00
-3.20000e+00
-2.80000e+00
-2.80000e+00
-2.80000e+00
-2.80000e+00
-2.80000e+00
-2.80000e+00
-2.80000e+00
-2.80000e+00
-2.80000e+00
-2.80000e+00
-2.80000e+00
-2.80000e+00
-2.80000e+00
-2.80000e+00
-2.80000e+00
-2.80000e+00
-2.80000e+00
-2.80000e+00
-2.80000e+00
-2.80000e+00
-2.80000e+00
-2.80000e+00
-2.80000e+00
-2.80000e+00
-2.80000e+00
-2.40000e+00
-2.40000e+00
-2.40000e+00
-2.40000e+00
-2.40000e+00
-2.40000e+00
-2.40000e+00
-2.40000e+00
-2.40000e+00
-2.40000e+00
-2.40000e+00
-2.40000e+00
-2.40000e+00
-2.40000e+00
-2.40000e+00
-2.40000e+00
-2.40000e+00
-2.40000e+00
-2.40000e+00
-2.40000e+00
-2.40000e+00
-2.40000e+00
-2.40000e+00
-2.40000e+00
-2.40000e+00
-2.00000e+00
-2.00000e+00
-2.00000e+00
-2.00000e+00
-2.00000e+00
-2.00000e+00
-2.00000e+00
-2.00000e+00
-2.00000e+00
-2.00000e+00
-2.00000e+00
-2.00000e+00
-2.00000e+00
-2.00000e+00
-2.00000e+00
-2.00000e+00
-2.00000e+00
-2.00000e+00
-2.00000e+00
-2.00000e+00
-2.00000e+00
-2.00000e+00
-2.00000e+00
-2.00000e+00
-2.00000e+00
-1.60000e+00
-1.60000e+00
-1.60000e+00
-1.60000e+00
-1.60000e+00
-1.60000e+00
-1.60000e+00
-1.60000e+00
-1.60000e+00
-1.60000e+00
-1.60000e+00
-1.60000e+00
-1.60000e+00
-1.60000e+00
-1.60000e+00
-1.60000e+00
-1.60000e+00
-1.60000e+00
-1.60000e+00
-1.60000e+00
-1.60000e+00
-1.60000e+00
-1.60000e+00
-1.60000e+00
-1.60000e+00
-1.20000e+00
-1.20000e+00
-1.20000e+00
-1.20000e+00
-1.20000e+00
-1.20000e+00
-1.20000e+00
-1.20000e+00
-1.20000e+00
-1.20000e+00
-1.20000e+00
-1.20000e+00
-1.20000e+00
-1.20000e+00
-1.20000e+00
-1.20000e+00
-1.20000e+00
-1.20000e+00
-1.20000e+00
-1.20000e+00
-1.20000e+00
-1.20000e+00
-1.20000e+00
-1.20000e+00
-1.20000e+00
-8.00000e-01
-8.00000e-01
-8.00000e-01
-8.00000e-01
-8.00000e-01
-8.00000e-01
-8.00000e-01
-8.00000e-01
-8.00000e-01
-8.00000e-01
-8.00000e-01
-8.00000e-01
-8.00000e-01
-8.00000e-01
-8.00000e-01
-8.00000e-01
-8.00000e-01
-8.00000e-01
-8.00000e-01
-8.00000e-01
-8.00000e-01
-8.00000e-01
-8.00000e-01
-8.00000e-01
-8.00000e-01
-4.00000e-01
-4.00000e-01
-4.00000e-01
-4.00000e-01
-4.00000e-01
-4.00000e-01
-4.00000e-01
-4.00000e-01
-4.00000e-01
-4.00000e-01
-4.00000e-01
-4.00000e-01
-4.00000e-01
-4.00000e-01
-4.00000e-01
-4.00000e-01
-4.00000e-01
-4.00000e-01
-4.00000e-01
-4.00000e-01
-4.00000e-01
-4.00000e-01
-4.00000e-01
-4.00000e-01
-4.00000e-01
 0.00000e+00
 0.00000e+00
 0.00000e+00
 0.00000e+00
 0.00000e+00
 0.00000e+00
 0.00000e+00
 0.00000e+00
 0.00000e+00
 0.00000e+00
 0.00000e+00
 0.00000e+00
 0.00000e+00
 0.00000e+00
 0.00000e+00
 0.00000e+00
 0.00000e+00
 0.00000e+00
 0.00000e+00
 0.00000e+00
 0.00000e+00
 0.00000e+00
 0.00000e+00
 0.00000e+00
 0.00000e+00
 4.00000e-01
 4.00000e-01
 4.00000e-01
 4.00000e-01
 4.00000e-01
 4.00000e-01
 4.00000e-01
 4.00000e-01
 4.00000e-01
 4.00000e-01
 4.00000e-01
 4.00000e-01
 4.00000e-01
 4.00000e-01
 4.00000e-01
 4.00000e-01
 4.00000e-01
 4.00000e-01
 4.00000e-01
 4.00000e-01
 4.00000e-01
 4.00000e-01
 4.00000e-01
 4.00000e-01
 4.00000e-01
 8.00000e-01
 8.00000e-01
 8.00000e-01
 8.00000e-01
 8.00000e-01
 8.00000e-01
 8.00000e-01
 8.00000e-01
 8.00000e-01
 8.00000e-01
 8.00000e-01
 8.00000e-01
 8.00000e-01
 8.00000e-01
 8.00000e-01
 8.00000e-01
 8.00000e-01
 8.00000e-01
 8.00000e-01
 8.00000e-01
 8.00000e-01
 8.00000e-01
 8.00000e-01
 8.00000e-01
 8.00000e-01
 1.20000e+00
 1.20000e+00
 1.20000e+00
 1.20000e+00
 1.20000e+00
 1.20000e+00
 1.20000e+00
 1.20000e+00
 1.20000e+00
 1.20000e+00
 1.20000e+00
 1.20000e+00
 1.20000e+00
 1.20000e+00
 1.20000e+00
 1.20000e+00
 1.20000e+00
 1.20000e+00
 1.20000e+00
 1.20000e+00
 1.20000e+00
 1.20000e+00
 1.20000e+00
 1.20000e+00
 1.20000e+00
 1.60000e+00
 1.60000e+00
 1.60000e+00
 1.60000e+00
 1.60000e+00
 1.60000e+00
 1.60000e+00
 1.60000e+00
 1.60000e+00
 1.60000e+00
 1.60000e+00
 1.60000e+00
 1.60000e+00
 1.60000e+00
 1.60000e+00
 1.60000e+00
 1.60000e+00
 1.60000e+00
 1.60000e+00
 1.60000e+00
 1.60000e+00
 1.60000e+00
 1.60000e+00
 1.60000e+00
 1.60000e+00
 2.00000e+00
 2.00000e+00
 2.00000e+00
 2.00000e+00
 2.00000e+00
 2.00000e+00
 2.00000e+00
 2.00000e+00
 2.00000e+00
 2.00000e+00
 2.00000e+00
 2.00000e+00
 2.00000e+00
 2.00000e+00
 2.00000e+00
 2.00000e+00
 2.00000e+00
 2.00000e+00
 2.00000e+00
 2.00000e+00
 2.00000e+00
 2.00000e+00
 2.00000e+00
 2.00000e+00
 2.00000e+00
 2.40000e+00
 2.40000e+00
 2.40000e+00
 2.40000e+00
 2.40000e+00
 2.40000e+00
 2.40000e+00
 2.40000e+00
 2.40000e+00
 2.40000e+00
 2.40000e+00
 2.40000e+00
 2.40000e+00
 2.40000e+00
 2.40000e+00
 2.40000e+00
 2.40000e+00
 2.40000e+00
 2.40000e+00
 2.40000e+00
 2.40000e+00
 2.40000e+00
 2.40000e+00
 2.40000e+00
 2.40000e+00
 2.80000e+00
 2.80000e+00
 2.80000e+00
 2.80000e+00
 2.80000e+00
 2.80000e+00
 2.80000e+00
 2.80000e+00
 2.80000e+00
 2.80000e+00
 2.80000e+00
 2.80000e+00
 2.80000e+00
 2.80000e+00
 2.80000e+00
 2.80000e+00
 2.80000e+00
 2.80000e+00
 2.80000e+00
 2.80000e+00
 2.80000e+00
 2.80000e+00
 2.80000e+00
 2.80000e+00
 2.80000e+00
 3.20000e+00
 3.20000e+00
 3.20000e+00
 3.20000e+00
 3.20000e+00
 3.20000e+00
 3.20000e+00
 3.20000e+00
 3.20000e+00
 3.20000e+00
 3.20000e+00
 3.20000e+00
 3.20000e+00
 3.20000e+00
 3.20000e+00
 3.20000e+00
 3.20000e+00
 3.20000e+00
 3.20000e+00
 3.20000e+00
 3.20000e+00
 3.20000e+00
 3.20000e+00
 3.20000e+00
 3.20000e+00
 3.60000e+00
 3.60000e+00
 3.60000e+00
 3.60000e+00
 3.60000e+00
 3.60000e+00
 3.60000e+00
 3.60000e+00
 3.60000e+00
 3.60000e+00
 3.60000e+00
 3.60000e+00
 3.60000e+00
 3.60000e+00
 3.60000e+00
 3.60000e+00
 3.60000e+00
 3.60000e+00
 3.60000e+00
 3.60000e+00
 3.60000e+00
 3.60000e+00
 3.60000e+00
 3.60000e+00
 3.60000e+00
 4.00000e+00
 4.00000e+00
 4.00000e+00
 4.00000e+00
 4.00000e+00
 4.00000e+00
 4.00000e+00
 4.00000e+00
 4.00000e+00
 4.00000e+00
 4.00000e+00
 4.00000e+00
 4.00000e+00
 4.00000e+00
 4.00000e+00
 4.00000e+00
 4.00000e+00
 4.00000e+00
 4.00000e+00
 4.00000e+00
 4.00000e+00
 4.00000e+00
 4.00000e+00
 4.00000e+00
 4.00000e+00
 4.40000e+00
 4.40000e+00
 4.40000e+00
 4.40000e+00
 4.40000e+00
 4.40000e+00
 4.40000e+00
 4.40000e+00
 4.40000e+00
 4.40000e+00
 4.40000e+00
 4.40000e+00
 4.40000e+00
 4.40000e+00
 4.40000e+00
 4.40000e+00
 4.40000e+00
 4.40000e+00
 4.40000e+00
 4.40000e+00
 4.40000e+00
 4.40000e+00
 4.40000e+00
 4.40000e+00
 4.40000e+00
 4.80000e+00
 4.80000e+00
 4.80000e+00
 4.80000e+00
 4.80000e+00
 4.80000e+00
 4.80000e+00
 4.80000e+00
 4.80000e+00
 4.80000e+00
 4.80000e+00
 4.80000e+00
 4.80000e+00
 4.80000e+00
 4.80000e+00
 4.80000e+00
 4.80000e+00
 4.80000e+00
 4.80000e+00
 4.80000e+00
 4.80000e+00
 4.80000e+00
 4.80000e+00
 4.80000e+00
 4.80000e+00
-4.80000e+00
-4.40000e+00
-4.40000e+00
-4.80000e+00
-4.40000e+00
-4.80000e+00
-4.40000e+00
-4.80000e+00
-4.40000e+00
-4.80000e+00
-4.40000e+00
-4.80000e+00
-4.40000e+00
-4.80000e+00
-4.40000e+00
-4.80000e+00
-4.40000e+00
-4.80000e+00
-4.40000e+00
-4.80000e+00
-4.40000e+00
-4.80000e+00
-4.40000e+00
-4.80000e+00
-4.40000e+00
-4.80000e+00
-4.40000e+00
-4.80000e+00
-4.40000e+00
-4.80000e+00
-4.40000e+00
-4.80000e+00
-4.40000e+00
-4.80000e+00
-4.40000e+00
-4.80000e+00
-4.40000e+00
-4.80000e+00
-4.40000e+00
-4.80000e+00
-4.40000e+00
-4.80000e+00
-4.40000e+00
-4.80000e+00
-4.40000e+00
-4.80000e+00
-4.40000e+00
-4.80000e+00
-4.40000e+00
-4.80000e+00
-4.00000e+00
-4.00000e+00
-4.00000e+00
-4.00000e+00
-4.00000e+00
-4.00000e+00
-4.00000e+00
-4.00000e+00
-4.00000e+00
-4.00000e+00
-4.00000e+00
-4.00000e+00
-4.00000e+00
-4.00000e+00
-4.00000e+00
-4.00000e+00
-4.00000e+00
-4.00000e+00
-4.00000e+00
-4.00000e+00
-4.00000e+00
-4.00000e+00
-4.00000e+00
-4.00000e+00
-4.00000e+00
-3.60000e+00
-3.60000e+00
-3.60000e+00
-3.60000e+00
-3.60000e+00
-3.60000e+00
-3.60000e+00
-3.60000e+00
-3.60000e+00
-3.60000e+00
-3.60000e+00
-3.60000e+00
-3.60000e+00
-3.60000e+00
-3.60000e+00
-3.60000e+00
-3.60000e+00
-3.60000e+00
-3.60000e+00
-3.60000e+00
-3.60000e+00
-3.60000e+00
-3.60000e+00
-3.60000e+00
-3.60000e+00
-3.20000e+00
-3.20000e+00
-3.20000e+00
-3.20000e+00
-3.20000e+00
-3.20000e+00
-3.20000e+00
-3.20000e+00
-3.20000e+00
-3.20000e+00
-3.20000e+00
-3.20000e+00
-3.20000e+00
-3.20000e+00
-3.20000e+00
-3.20000e+00
-3.20000e+00
-3.20000e+00
-3.20000e+00
-3.20000e+00
-3.20000e+00
-3.20000e+00
-3.20000e+00
-3.20000e+00
-3.20000e+00
-2.80000e+00
-2.80000e+00
-2.80000e+00
-2.80000e+00
-2.80000e+00
-2.80000e+00
-2.80000e+00
-2.80000e+00
-2.80000e+00
-2.80000e+00
-2.80000e+00
-2.80000e+00
-2.80000e+00
-2.80000e+00
-2.80000e+00
-2.80000e+00
-2.80000e+00
-2.80000e+00
-2.80000e+00
-2.80000e+00
-2.80000e+00
-2.80000e+00
-2.80000e+00
-2.80000e+00
-2.80000e+00
-2.40000e+00
-2.40000e+00
-2.40000e+00
-2.40000e+00
-2.40000e+00
-2.40000e+00
-2.40000e+00
-2.40000e+00
-2.40000e+00
-2.40000e+00
-2.40000e+00
-2.40000e+00
-2.40000e+00
-2.40000e+00
-2.40000e+00
-2.40000e+00
-2.40000e+00
-2.40000e+00
-2.40000e+00
-2.40000e+00
-2.40000e+00
-2.40000e+00
-2.40000e+00
-2.40000e+00
-2.40000e+00
-2.00000e+00
-2.00000e+00
-2.00000e+00
-2.00000e+00
-2.00000e+00
-2.00000e+00
-2.00000e+00
-2.00000e+00
-2.00000e+00
-2.00000e+00
-2.00000e+00
-2.00000e+00
-2.00000e+00
-2.00000e+00
-2.00000e+00
-2.00000e+00
-2.00000e+00
-2.00000e+00
-2.00000e+00
-2.00000e+00
-2.00000e+00
-2.00000e+00
-2.00000e+00
-2.00000e+00
-2.00000e+00
-1.60000e+00
-1.60000e+00
-1.60000e+00
-1.60000e+00
-1.60000e+00
-1.60000e+00
-1.60000e+00
-1.60000e+00
-1.60000e+00
-1.60000e+00
-1.60000e+00
-1.60000e+00
-1.60000e+00
-1.60000e+00
-1.60000e+00
-1.60000e+00
-1.60000e+00
-1.60000e+00
-1.60000e+00
-1.60000e+00
-1.60000e+00
-1.60000e+00
-1.60000e+00
-1.60000e+00
-1.60000e+00
-1.20000e+00
-1.20000e+00
-1.20000e+00
-1.20000e+00
-1.20000e+00
-1.20000e+00
-1.20000e+00
-1.20000e+00
-1.20000e+00
-1.20000e+00
-1.20000e+00
-1.20000e+00
-1.20000e+00
-1.20000e+00
-1.20000e+00
-1.20000e+00
-1.20000e+00
-1.20000e+00
-1.20000e+00
-1.20000e+00
-1.20000e+00
-1.20000e+00
-1.20000e+00
-1.20000e+00
-1.20000e+00
-8.00000e-01
-8.00000e-01
-8.00000e-01
-8.00000e-01
-8.00000e-01
-8.00000e-01
-8.00000e-01
-8.00000e-01
-8.00000e-01
-8.00000e-01
-8.00000e-01
-8.00000e-01
-8.00000e-01
-8.00000e-01
-8.00000e-01
-8.00000e-01
-8.00000e-01
-8.00000e-01
-8.00000e-01
-8.00000e-01
-8.00000e-01
-8.00000e-01
-8.00000e-01
-8.00000e-01
-8.00000e-01
-4.00000e-01
-4.00000e-01
-4.00000e-01
-4.00000e-01
-4.00000e-01
-4.00000e-01
-4.00000e-01
-4.00000e-01
-4.00000e-01
-4.00000e-01
-4.00000e-01
-4.00000e-01
-4.00000e-01
-4.00000e-01
-4.00000e-01
-4.00000e-01
-4.00000e-01
-4.00000e-01
-4.00000e-01
-4.00000e-01
-4.00000e-01
-4.00000e-01
-4.00000e-01
-4.00000e-01
-4.00000e-01
 0.00000e+00
 0.00000e+00
 0.00000e+00
 0.00000e+00
 0.00000e+00
 0.00000e+00
 0.00000e+00
 0.00000e+00
 0.00000e+00
 0.00000e+00
 0.00000e+00
 0.00000e+00
 0.00000e+00
 0.00000e+00
 0.00000e+00
 0.00000e+00
 0.00000e+00
 0.00000e+00
 0.00000e+00
 0.00000e+00
 0.00000e+00
 0.00000e+00
 0.00000e+00
 0.00000e+00
 0.00000e+00
 4.00000e-01
 4.00000e-01
 4.00000e-01
 4.00000e-01
 4.00000e-01
 4.00000e-01
 4.00000e-01
 4.00000e-01
 4.00000e-01
 4.00000e-01
 4.00000e-01
 4.00000e-01
 4.00000e-01
 4.00000e-01
 4.00000e-01
 4.00000e-01
 4.00000e-01
 4.00000e-01
 4.00000e-01
 4.00000e-01
 4.00000e-01
 4.00000e-01
 4.00000e-01
 4.00000e-01
 4.00000e-01
 8.00000e-01
 8.00000e-01
 8.00000e-01
 8.00000e-01
 8.00000e-01
 8.00000e-01
 8.00000e-01
 8.00000e-01
 8.00000e-01
 8.00000e-01
 8.00000e-01
 8.00000e-01
 8.00000e-01
 8.00000e-01
 8.00000e-01
 8.00000e-01
 8.00000e-01
 8.00000e-01
 8.00000e-01
 8.00000e-01
 8.00000e-01
 8.00000e-01
 8.00000e-01
 8.00000e-01
 8.00000e-01
 1.20000e+00
 1.20000e+00
 1.20000e+00
 1.20000e+00
 1.20000e+00
 1.20000e+00
 1.20000e+00
 1.20000e+00
 1.20000e+00
 1.20000e+00
 1.20000e+00
 1.20000e+00
 1.20000e+00
 1.20000e+00
 1.20000e+00
 1.20000e+00
 1.20000e+00
 1.20000e+00
 1.20000e+00
 1.20000e+00
 1.20000e+00
 1.20000e+00
 1.20000e+00
 1.20000e+00
 1.20000e+00
 1.60000e+00
 1.60000e+00
 1.60000e+00
 1.60000e+00
 1.60000e+00
 1.60000e+00
 1.60000e+00
 1.60000e+00
 1.60000e+00
 1.60000e+00
 1.60000e+00
 1.60000e+00
 1.60000e+00
 1.60000e+00
 1.60000e+00
 1.60000e+00
 1.60000e+00
 1.60000e+00
 1.60000e+00
 1.60000e+00
 1.60000e+00
 1.60000e+00
 1.60000e+00
 1.60000e+00
 1.60000e+00
 2.00000e+00
 2.00000e+00
 2.00000e+00
 2.00000e+00
 2.00000e+00
 2.00000e+00
 2.00000e+00
 2.00000e+00
 2.00000e+00
 2.00000e+00
 2.00000e+00
 2.00000e+00
 2.00000e+00
 2.00000e+00
 2.00000e+00
 2.00000e+00
 2.00000e+00
 2.00000e+00
 2.00000e+00
 2.00000e+00
 2.00000e+00
 2.00000e+00
 2.00000e+00
 2.00000e+00
 2.00000e+00
 2.40000e+00
 2.40000e+00
 2.40000e+00
 2.40000e+00
 2.40000e+00
 2.40000e+00
 2.40000e+00
 2.40000e+00
 2.40000e+00
 2.40000e+00
 2.40000e+00
 2.40000e+00
 2.40000e+00
 2.40000e+00
 2.40000e+00
 2.40000e+00
 2.40000e+00
 2.40000e+00
 2.40000e+00
 2.40000e+00
 2.40000e+00
 2.40000e+00
 2.40000e+00
 2.40000e+00
 2.40000e+00
 2.80000e+00
 2.80000e+00
 2.80000e+00
 2.80000e+00
 2.80000e+00
 2.80000e+00
 2.80000e+00
 2.80000e+00
 2.80000e+00
 2.80000e+00
 2.80000e+00
 2.80000e+00
 2.80000e+00
 2.80000e+00
 2.80000e+00
 2.80000e+00
 2.80000e+00
 2.80000e+00
 2.80000e+00
 2.80000e+00
 2.80000e+00
 2.80000e+00
 2.80000e+00
 2.80000e+00
 2.80000e+00
 3.20000e+00
 3.20000e+00
 3.20000e+00
 3.20000e+00
 3.20000e+00
 3.20000e+00
 3.20000e+00
 3.20000e+00
 3.20000e+00
 3.20000e+00
 3.20000e+00
 3.20000e+00
 3.20000e+00
 3.20000e+00
 3.20000e+00
 3.20000e+00
 3.20000e+00
 3.20000e+00
 3.20000e+00
 3.20000e+00
 3.20000e+00
 3.20000e+00
 3.20000e+00
 3.20000e+00
 3.20000e+00
 3.60000e+00
 3.60000e+00
 3.60000e+00
 3.60000e+00
 3.60000e+00
 3.60000e+00
 3.60000e+00
 3.60000e+00
 3.60000e+00
 3.60000e+00
 3.60000e+00
 3.60000e+00
 3.60000e+00
 3.60000e+00
 3.60000e+00
 3.60000e+00
 3.60000e+00
 3.60000e+00
 3.60000e+00
 3.60000e+00
 3.60000e+00
 3.60000e+00
 3.60000e+00
 3.60000e+00
 3.60000e+00
 4.00000e+00
 4.00000e+00
 4.00000e+00
 4.00000e+00
 4.00000e+00
 4.00000e+00
 4.00000e+00
 4.00000e+00
 4.00000e+00
 4.00000e+00
 4.00000e+00
 4.00000e+00
 4.00000e+00
 4.00000e+00
 4.00000e+00
 4.00000e+00
 4.00000e+00
 4.00000e+00
 4.00000e+00
 4.00000e+00
 4.00000e+00
 4.00000e+00
 4.00000e+00
 4.00000e+00
 4.00000e+00
 4.40000e+00
 4.40000e+00
 4.40000e+00
 4.40000e+00
 4.40000e+00
 4.40000e+00
 4.40000e+00
 4.40000e+00
 4.40000e+00
 4.40000e+00
 4.40000e+00
 4.40000e+00
 4.40000e+00
 4.40000e+00
 4.40000e+00
 4.40000e+00
 4.40000e+00
 4.40000e+00
 4.40000e+00
 4.40000e+00
 4.40000e+00
 4.40000e+00
 4.40000e+00
 4.40000e+00
 4.40000e+00
 4.80000e+00
 4.80000e+00
 4.80000e+00
 4.80000e+00
 4.80000e+00
 4.80000e+00
 4.80000e+00
 4.80000e+00
 4.80000e+00
 4.80000e+00
 4.80000e+00
 4.80000e+00
 4.80000e+00
 4.80000e+00
 4.80000e+00
 4.80000e+00
 4.80000e+00
 4.80000e+00
 4.80000e+00
 4.80000e+00
 4.80000e+00
 4.80000e+00
 4.80000e+00
 4.80000e+00
 4.80000e+00
-4.80000e+00
-4.40000e+00
-4.40000e+00
-4.80000e+00
-4.00000e+00
-4.00000e+00
-3.60000e+00
-3.60000e+00
-3.20000e+00
-3.20000e+00
-2.80000e+00
-2.80000e+00
-2.40000e+00
-2.40000e+00
-2.00000e+00
-2.00000e+00
-1.60000e+00
-1.60000e+00
-1.20000e+00
-1.20000e+00
-8.00000e-01
-8.00000e-01
-4.00000e-01
-4.00000e-01
 0.00000e+00
 0.00000e+00
 4.00000e-01
 4.00000e-01
 8.00000e-01
 8.00000e-01
 1.20000e+00
 1.20000e+00
 1.60000e+00
 1.60000e+00
 2.00000e+00
 2.00000e+00
 2.40000e+00
 2.40000e+00
 2.80000e+00
 2.80000e+00
 3.20000e+00
 3.20000e+00
 3.60000e+00
 3.60000e+00
 4.00000e+00
 4.00000e+00
 4.40000e+00
 4.40000e+00
 4.80000e+00
 4.80000e+00
-4.40000e+00
-4.80000e+00
-4.00000e+00
-3.60000e+00
-3.20000e+00
-2.80000e+00
-2.40000e+00
-2.00000e+00
-1.60000e+00
-1.20000e+00
-8.00000e-01
-4.00000e-01
 0.00000e+00
 4.00000e-01
 8.00000e-01
 1.20000e+00
 1.60000e+00
 2.00000e+00
 2.40000e+00
 2.80000e+00
 3.20000e+00
 3.60000e+00
 4.00000e+00
 4.40000e+00
 4.80000e+00
-4.40000e+00
-4.80000e+00
-4.00000e+00
-3.60000e+00
-3.20000e+00
-2.80000e+00
-2.40000e+00
-2.00000e+00
-1.60000e+00
-1.20000e+00
-8.00000e-01
-4.00000e-01
 0.00000e+00
 4.00000e-01
 8.00000e-01
 1.20000e+00
 1.60000e+00
 2.00000e+00
 2.40000e+00
 2.80000e+00
 3.20000e+00
 3.60000e+00
 4.00000e+00
 4.40000e+00
 4.80000e+00
-4.40000e+00
-4.80000e+00
-4.00000e+00
-3.60000e+00
-3.20000e+00
-2.80000e+00
-2.40000e+00
-2.00000e+00
-1.60000e+00
-1.20000e+00
-8.00000e-01
-4.00000e-01
 0.00000e+00
 4.00000e-01
 8.00000e-01
 1.20000e+00
 1.60000e+00
 2.00000e+00
 2.40000e+00
 2.80000e+00
 3.20000e+00
 3.60000e+00
 4.00000e+00
 4.40000e+00
 4.80000e+00
-4.40000e+00
-4.80000e+00
-4.00000e+00
-3.60000e+00
-3.20000e+00
-2.80000e+00
-2.40000e+00
-2.00000e+00
-1.60000e+00
-1.20000e+00
-8.00000e-01
-4.00000e-01
 0.00000e+00
 4.00000e-01
 8.00000e-01
 1.20000e+00
 1.60000e+00
 2.00000e+00
 2.40000e+00
 2.80000e+00
 3.20000e+00
 3.60000e+00
 4.00000e+00
 4.40000e+00
 4.80000e+00
-4.40000e+00
-4.80000e+00
-4.00000e+00
-3.60000e+00
-3.20000e+00
-2.80000e+00
-2.40000e+00
-2.00000e+00
-1.60000e+00
-1.20000e+00
-8.00000e-01
-4.00000e-01
 0.00000e+00
 4.00000e-01
 8.00000e-01
 1.20000e+00
 1.60000e+00
 2.00000e+00
 2.40000e+00
 2.80000e+00
 3.20000e+00
 3.60000e+00
 4.00000e+00
 4.40000e+00
 4.80000e+00
-4.40000e+00
-4.80000e+00
-4.00000e+00
-3.60000e+00
-3.20000e+00
-2.80000e+00
-2.40000e+00
-2.00000e+00
-1.60000e+00
-1.20000e+00
-8.00000e-01
-4.00000e-01
 0.00000e+00
 4.00000e-01
 8.00000e-01
 1.20000e+00
 1.60000e+00
 2.00000e+00
 2.40000e+00
 2.80000e+00
 3.20000e+00
 3.60000e+00
 4.00000e+00
 4.40000e+00
 4.80000e+00
-4.40000e+00
-4.80000e+00
-4.00000e+00
-3.60000e+00
-3.20000e+00
-2.80000e+00
-2.40000e+00
-2.00000e+00
-1.60000e+00
-1.20000e+00
-8.00000e-01
-4.00000e-01
 0.00000e+00
 4.00000e-01
 8.00000e-01
 1.20000e+00
 1.60000e+00
 2.00000e+00
 2.40000e+00
 2.80000e+00
 3.20000e+00
 3.60000e+00
 4.00000e+00
 4.40000e+00
 4.80000e+00
-4.40000e+00
-4.80000e+00
-4.00000e+00
-3.60000e+00
-3.20000e+00
-2.80000e+00
-2.40000e+00
-2.00000e+00
-1.60000e+00
-1.20000e+00
-8.00000e-01
-4.00000e-01
 0.00000e+00
 4.00000e-01
 8.00000e-01
 1.20000e+00
 1.60000e+00
 2.00000e+00
 2.40000e+00
 2.80000e+00
 3.20000e+00
 3.60000e+00
 4.00000e+00
 4.40000e+00
 4.80000e+00
-4.40000e+00
-4.80000e+00
-4.00000e+00
-3.60000e+00
-3.20000e+00
-2.80000e+00
-2.40000e+00
-2.00000e+00
-1.60000e+00
-1.20000e+00
-8.00000e-01
-4.00000e-01
 7.40149e-17
 4.00000e-01
 8.00000e-01
 1.20000e+00
 1.60000e+00
 2.00000e+00
 2.40000e+00
 2.80000e+00
 3.20000e+00
 3.60000e+00
 4.00000e+00
 4.40000e+00
 4.80000e+00
-4.40000e+00
-4.80000e+00
-4.00000e+00
-3.60000e+00
-3.20000e+00
-2.80000e+00
-2.40000e+00
-2.00000e+00
-1.60000e+00
-1.20000e+00
-8.00000e-01
-4.00000e-01
 0.00000e+00
 4.00000e-01
 8.00000e-01
 1.20000e+00
 1.60000e+00
 2.00000e+00
 2.40000e+00
 2.80000e+00
 3.20000e+00
 3.60000e+00
 4.00000e+00
 4.40000e+00
 4.80000e+00
-4.40000e+00
-4.80000e+00
-4.00000e+00
-3.60000e+00
-3.20000e+00
-2.80000e+00
-2.40000e+00
-2.00000e+00
-1.60000e+00
-1.20000e+00
-8.00000e-01
-4.00000e-01
 0.00000e+00
 4.00000e-01
 8.00000e-01
 1.20000e+00
 1.60000e+00
 2.00000e+00
 2.40000e+00
 2.80000e+00
 3.20000e+00
 3.60000e+00
 4.00000e+00
 4.40000e+00
 4.80000e+00
-4.40000e+00
-4.80000e+00
-4.00000e+00
-3.60000e+00
-3.20000e+00
-2.80000e+00
-2.40000e+00
-2.00000e+00
-1.60000e+00
-1.20000e+00
-8.00000e-01
-4.00000e-01
 0.00000e+00
 4.00000e-01
 8.00000e-01
 1.20000e+00
 1.60000e+00
 2.00000e+00
 2.40000e+00
 2.80000e+00
 3.20000e+00
 3.60000e+00
 4.00000e+00
 4.40000e+00
 4.80000e+00
-4.40000e+00
-4.80000e+00
-4.00000e+00
-3.60000e+00
-3.20000e+00
-2.80000e+00
-2.40000e+00
-2.00000e+00
-1.60000e+00
-1.20000e+00
-8.00000e-01
-4.00000e-01
 3.70074e-17
 4.00000e-01
 8.00000e-01
 1.20000e+00
 1.60000e+00
 2.00000e+00
 2.40000e+00
 2.80000e+00
 3.20000e+00
 3.60000e+00
 4.00000e+00
 4.40000e+00
 4.80000e+00
-4.40000e+00
-4.80000e+00
-4.00000e+00
-3.60000e+00
-3.20000e+00
-2.80000e+00
-2.40000e+00
-2.00000e+00
-1.60000e+00
-1.20000e+00
-8.00000e-01
-4.00000e-01
 0.00000e+00
 4.00000e-01
 8.00000e-01
 1.20000e+00
 1.60000e+00
 2.00000e+00
 2.40000e+00
 2.80000e+00
 3.20000e+00
 3.60000e+00
 4.00000e+00
 4.40000e+00
 4.80000e+00
-4.40000e+00
-4.80000e+00
-4.00000e+00
-3.60000e+00
-3.20000e+00
-2.80000e+00
-2.40000e+00
-2.00000e+00
-1.60000e+00
-1.20000e+00
-8.00000e-01
-4.00000e-01
 0.00000e+00
 4.00000e-01
 8.00000e-01
 1.20000e+00
 1.60000e+00
 2.00000e+00
 2.40000e+00
 2.80000e+00
 3.20000e+00
 3.60000e+00
 4.00000e+00
 4.40000e+00
 4.80000e+00
-4.40000e+00
-4.80000e+00
-4.00000e+00
-3.60000e+00
-3.20000e+00
-2.80000e+00
-2.40000e+00
-2.00000e+00
-1.60000e+00
-1.20000e+00
-8.00000e-01
-4.00000e-01
-3.70074e-17
 4.00000e-01
 8.00000e-01
 1.20000e+00
 1.60000e+00
 2.00000e+00
 2.40000e+00
 2.80000e+00
 3.20000e+00
 3.60000e+00
 4.00000e+00
 4.40000e+00
 4.80000e+00
-4.40000e+00
-4.80000e+00
-4.00000e+00
-3.60000e+00
-3.20000e+00
-2.80000e+00
-2.40000e+00
-2.00000e+00
-1.60000e+00
-1.20000e+00
-8.00000e-01
-4.00000e-01
-3.70074e-17
 4.00000e-01
 8.00000e-01
 1.20000e+00
 1.60000e+00
 2.00000e+00
 2.40000e+00
 2.80000e+00
 3.20000e+00
 3.60000e+00
 4.00000e+00
 4.40000e+00
 4.80000e+00
-4.40000e+00
-4.80000e+00
-4.00000e+00
-3.60000e+00
-3.20000e+00
-2.80000e+00
-2.40000e+00
-2.00000e+00
-1.60000e+00
-1.20000e+00
-8.00000e-01
-4.00000e-01
 3.70074e-17
 4.00000e-01
 8.00000e-01
 1.20000e+00
 1.60000e+00
 2.00000e+00
 2.40000e+00
 2.80000e+00
 3.20000e+00
 3.60000e+00
 4.00000e+00
 4.40000e+00
 4.80000e+00
-4.40000e+00
-4.80000e+00
-4.00000e+00
-3.60000e+00
-3.20000e+00
-2.80000e+00
-2.40000e+00
-2.00000e+00
-1.60000e+00
-1.20000e+00
-8.00000e-01
-4.00000e-01
 0.00000e+00
 4.00000e-01
 8.00000e-01
 1.20000e+00
 1.60000e+00
 2.00000e+00
 2.40000e+00
 2.80000e+00
 3.20000e+00
 3.60000e+00
 4.00000e+00
 4.40000e+00
 4.80000e+00
-4.40000e+00
-4.80000e+00
-4.00000e+00
-3.60000e+00
-3.20000e+00
-2.80000e+00
-2.40000e+00
-2.00000e+00
-1.60000e+00
-1.20000e+00
-8.00000e-01
-4.00000e-01
 5.55112e-17
 4.00000e-01
 8.00000e-01
 1.20000e+00
 1.60000e+00
 2.00000e+00
 2.40000e+00
 2.80000e+00
 3.20000e+00
 3.60000e+00
 4.00000e+00
 4.40000e+00
 4.80000e+00
-4.40000e+00
-4.80000e+00
-4.00000e+00
-3.60000e+00
-3.20000e+00
-2.80000e+00
-2.40000e+00
-2.00000e+00
-1.60000e+00
-1.20000e+00
-8.00000e-01
-4.00000e-01
-2.77556e-17
 4.00000e-01
 8.00000e-01
 1.20000e+00
 1.60000e+00
 2.00000e+00
 2.40000e+00
 2.80000e+00
 3.20000e+00
 3.60000e+00
 4.00000e+00
 4.40000e+00
 4.80000e+00
-4.40000e+00
-4.80000e+00
-4.00000e+00
-3.60000e+00
-3.20000e+00
-2.80000e+00
-2.40000e+00
-2.00000e+00
-1.60000e+00
-1.20000e+00
-8.00000e-01
-4.00000e-01
-6.01371e-17
 4.00000e-01
 8.00000e-01
 1.20000e+00
 1.60000e+00
 2.00000e+00
 2.40000e+00
 2.80000e+00
 3.20000e+00
 3.60000e+00
 4.00000e+00
 4.40000e+00
 4.80000e+00
-4.40000e+00
-4.80000e+00
-4.00000e+00
-3.60000e+00
-3.20000e+00
-2.80000e+00
-2.40000e+00
-2.00000e+00
-1.60000e+00
-1.20000e+00
-8.00000e-01
-4.00000e-01
 0.00000e+00
 4.00000e-01
 8.00000e-01
 1.20000e+00
 1.60000e+00
 2.00000e+00
 2.40000e+00
 2.80000e+00
 3.20000e+00
 3.60000e+00
 4.00000e+00
 4.40000e+00
 4.80000e+00
-4.80000e+00
-4.80000e+00
-4.40000e+00
-4.40000e+00
-4.00000e+00
-4.00000e+00
-3.60000e+00
-3.60000e+00
-3.20000e+00
-3.20000e+00
-2.80000e+00
-2.80000e+00
-2.40000e+00
-2.40000e+00
-2.00000e+00
-2.00000e+00
-1.60000e+00
-1.60000e+00
-1.20000e+00
-1.20000e+00
-8.00000e-01
-8.00000e-01
-4.00000e-01
-4.00000e-01
 0.00000e+00
 0.00000e+00
 4.00000e-01
 4.00000e-01
 8.00000e-01
 8.00000e-01
 1.20000e+00
 1.20000e+00
 1.60000e+00
 1.60000e+00
 2.00000e+00
 2.00000e+00
 2.40000e+00
 2.40000e+00
 2.80000e+00
 2.80000e+00
 3.20000e+00
 3.20000e+00
 3.60000e+00
 3.60000e+00
 4.00000e+00
 4.00000e+00
 4.40000e+00
 4.40000e+00
 4.80000e+00
 4.80000e+00
-4.80000e+00
-4.40000e+00
-4.00000e+00
-3.60000e+00
-3.20000e+00
-2.80000e+00
-2.40000e+00
-2.00000e+00
-1.60000e+00
-1.20000e+00
-8.00000e-01
-4.00000e-01
 0.00000e+00
 4.00000e-01
 8.00000e-01
 1.20000e+00
 1.60000e+00
 2.00000e+00
 2.40000e+00
 2.80000e+00
 3.20000e+00
 3.60000e+00
 4.00000e+00
 4.40000e+00
 4.80000e+00
-4.80000e+00
-4.40000e+00
-4.00000e+00
-3.60000e+00
-3.20000e+00
-2.80000e+00
-2.40000e+00
-2.00000e+00
-1.60000e+00
-1.20000e+00
-8.00000e-01
-4.00000e-01
 0.00000e+00
 4.00000e-01
 8.00000e-01
 1.20000e+00
 1.60000e+00
 2.00000e+00
 2.40000e+00
 2.80000e+00
 3.20000e+00
 3.60000e+00
 4.00000e+00
 4.40000e+00
 4.80000e+00
-4.80000e+00
-4.40000e+00
-4.00000e+00
-3.60000e+00
-3.20000e+00
-2.80000e+00
-2.40000e+00
-2.00000e+00
-1.60000e+00
-1.20000e+00
-8.00000e-01
-4.00000e-01
 0.00000e+00
 4.00000e-01
 8.00000e-01
 1.20000e+00
 1.60000e+00
 2.00000e+00
 2.40000e+00
 2.80000e+00
 3.20000e+00
 3.60000e+00
 4.00000e+00
 4.40000e+00
 4.80000e+00
-4.80000e+00
-4.40000e+00
-4.00000e+00
-3.60000e+00
-3.20000e+00
-2.80000e+00
-2.40000e+00
-2.00000e+00
-1.60000e+00
-1.20000e+00
-8.00000e-01
-4.00000e-01
 0.00000e+00
 4.00000e-01
 8.00000e-01
 1.20000e+00
 1.60000e+00
 2.00000e+00
 2.40000e+00
 2.80000e+00
 3.20000e+00
 3.60000e+00
 4.00000e+00
 4.40000e+00
 4.80000e+00
-4.80000e+00
-4.40000e+00
-4.00000e+00
-3.60000e+00
-3.20000e+00
-2.80000e+00
-2.40000e+00
-2.00000e+00
-1.60000e+00
-1.20000e+00
-8.00000e-01
-4.00000e-01
 0.00000e+00
 4.00000e-01
 8.00000e-01
 1.20000e+00
 1.60000e+00
 2.00000e+00
 2.40000e+00
 2.80000e+00
 3.20000e+00
 3.60000e+00
 4.00000e+00
 4.40000e+00
 4.80000e+00
-4.80000e+00
-4.40000e+00
-4.00000e+00
-3.60000e+00
-3.20000e+00
-2.80000e+00
-2.40000e+00
-2.00000e+00
-1.60000e+00
-1.20000e+00
-8.00000e-01
-4.00000e-01
 0.00000e+00
 4.00000e-01
 8.00000e-01
 1.20000e+00
 1.60000e+00
 2.00000e+00
 2.40000e+00
 2.80000e+00
 3.20000e+00
 3.60000e+00
 4.00000e+00
 4.40000e+00
 4.80000e+00
-4.80000e+00
-4.40000e+00
-4.00000e+00
-3.60000e+00
-3.20000e+00
-2.80000e+00
-2.40000e+00
-2.00000e+00
-1.60000e+00
-1.20000e+00
-8.00000e-01
-4.00000e-01
 0.00000e+00
 4.00000e-01
 8.00000e-01
 1.20000e+00
 1.60000e+00
 2.00000e+00
 2.40000e+00
 2.80000e+00
 3.20000e+00
 3.60000e+00
 4.00000e+00
 4.40000e+00
 4.80000e+00
-4.80000e+00
-4.40000e+00
-4.00000e+00
-3.60000e+00
-3.20000e+00
-2.80000e+00
-2.40000e+00
-2.00000e+00
-1.60000e+00
-1.20000e+00
-8.00000e-01
-4.00000e-01
 0.00000e+00
 4.00000e-01
 8.00000e-01
 1.20000e+00
 1.60000e+00
 2.00000e+00
 2.40000e+00
 2.80000e+00
 3.20000e+00
 3.60000e+00
 4.00000e+00
 4.40000e+00
 4.80000e+00
-4.80000e+00
-4.40000e+00
-4.00000e+00
-3.60000e+00
-3.20000e+00
-2.80000e+00
-2.40000e+00
-2.00000e+00
-1.60000e+00
-1.20000e+00
-8.00000e-01
-4.00000e-01
 7.40149e-17
 4.00000e-01
 8.00000e-01
 1.20000e+00
 1.60000e+00
 2.00000e+00
 2.40000e+00
 2.80000e+00
 3.20000e+00
 3.60000e+00
 4.00000e+00
 4.40000e+00
 4.80000e+00
-4.80000e+00
-4.40000e+00
-4.00000e+00
-3.60000e+00
-3.20000e+00
-2.80000e+00
-2.40000e+00
-2.00000e+00
-1.60000e+00
-1.20000e+00
-8.00000e-01
-4.00000e-01
 0.00000e+00
 4.00000e-01
 8.00000e-01
 1.20000e+00
 1.60000e+00
 2.00000e+00
 2.40000e+00
 2.80000e+00
 3.20000e+00
 3.60000e+00
 4.00000e+00
 4.40000e+00
 4.80000e+00
-4.80000e+00
-4.40000e+00
-4.00000e+00
-3.60000e+00
-3.20000e+00
-2.80000e+00
-2.40000e+00
-2.00000e+00
-1.60000e+00
-1.20000e+00
-8.00000e-01
-4.00000e-01
 0.00000e+00
 4.00000e-01
 8.00000e-01
 1.20000e+00
 1.60000e+00
 2.00000e+00
 2.40000e+00
 2.80000e+00
 3.20000e+00
 3.60000e+00
 4.00000e+00
 4.40000e+00
 4.80000e+00
-4.80000e+00
-4.40000e+00
-4.00000e+00
-3.60000e+00
-3.20000e+00
-2.80000e+00
-2.40000e+00
-2.00000e+00
-1.60000e+00
-1.20000e+00
-8.00000e-01
-4.00000e-01
 0.00000e+00
 4.00000e-01
 8.00000e-01
 1.20000e+00
 1.60000e+00
 2.00000e+00
 2.40000e+00
 2.80000e+00
 3.20000e+00
 3.60000e+00
 4.00000e+00
 4.40000e+00
 4.80000e+00
-4.80000e+00
-4.40000e+00
-4.00000e+00
-3.60000e+00
-3.20000e+00
-2.80000e+00
-2.40000e+00
-2.00000e+00
-1.60000e+00
-1.20000e+00
-8.00000e-01
-4.00000e-01
 3.70074e-17
 4.00000e-01
 8.00000e-01
 1.20000e+00
 1.60000e+00
 2.00000e+00
 2.40000e+00
 2.80000e+00
 3.20000e+00
 3.60000e+00
 4.00000e+00
 4.40000e+00
 4.80000e+00
-4.80000e+00
-4.40000e+00
-4.00000e+00
-3.60000e+00
-3.20000e+00
-2.80000e+00
-2.40000e+00
-2.00000e+00
-1.60000e+00
-1.20000e+00
-8.00000e-01
-4.00000e-01
 0.00000e+00
 4.00000e-01
 8.00000e-01
 1.20000e+00
 1.60000e+00
 2.00000e+00
 2.40000e+00
 2.80000e+00
 3.20000e+00
 3.60000e+00
 4.00000e+00
 4.40000e+00
 4.80000e+00
-4.80000e+00
-4.40000e+00
-4.00000e+00
-3.60000e+00
-3.20000e+00
-2.80000e+00
-2.40000e+00
-2.00000e+00
-1.60000e+00
-1.20000e+00
-8.00000e-01
-4.00000e-01
 0.00000e+00
 4.00000e-01
 8.00000e-01
 1.20000e+00
 1.60000e+00
 2.00000e+00
 2.40000e+00
 2.80000e+00
 3.20000e+00
 3.60000e+00
 4.00000e+00
 4.40000e+00
 4.80000e+00
-4.80000e+00
-4.40000e+00
-4.00000e+00
-3.60000e+00
-3.20000e+00
-2.80000e+00
-2.40000e+00
-2.00000e+00
-1.60000e+00
-1.20000e+00
-8.00000e-01
-4.00000e-01
-3.70074e-17
 4.00000e-01
 8.00000e-01
 1.20000e+00
 1.60000e+00
 2.00000e+00
 2.40000e+00
 2.80000e+00
 3.20000e+00
 3.60000e+00
 4.00000e+00
 4.40000e+00
 4.80000e+00
-4.80000e+00
-4.40000e+00
-4.00000e+00
-3.60000e+00
-3.20000e+00
-2.80000e+00
-2.40000e+00
-2.00000e+00
-1.60000e+00
-1.20000e+00
-8.00000e-01
-4.00000e-01
-3.70074e-17
 4.00000e-01
 8.00000e-01
 1.20000e+00
 1.60000e+00
 2.00000e+00
 2.40000e+00
 2.80000e+00
 3.20000e+00
 3.60000e+00
 4.00000e+00
 4.40000e+00
 4.80000e+00
-4.80000e+00
-4.40000e+00
-4.00000e+00
-3.60000e+00
-3.20000e+00
-2.80000e+00
-2.40000e+00
-2.00000e+00
-1.60000e+00
-1.20000e+00
-8.00000e-01
-4.00000e-01
 3.70074e-17
 4.00000e-01
 8.00000e-01
 1.20000e+00
 1.60000e+00
 2.00000e+00
 2.40000e+00
 2.80000e+00
 3.20000e+00
 3.60000e+00
 4.00000e+00
 4.40000e+00
 4.80000e+00
-4.80000e+00
-4.40000e+00
-4.00000e+00
-3.60000e+00
-3.20000e+00
-2.80000e+00
-2.40000e+00
-2.00000e+00
-1.60000e+00
-1.20000e+00
-8.00000e-01
-4.00000e-01
 0.00000e+00
 4.00000e-01
 8.00000e-01
 1.20000e+00
 1.60000e+00
 2.00000e+00
 2.40000e+00
 2.80000e+00
 3.20000e+00
 3.60000e+00
 4.00000e+00
 4.40000e+00
 4.80000e+00
-4.80000e+00
-4.40000e+00
-4.00000e+00
-3.60000e+00
-3.20000e+00
-2.80000e+00
-2.40000e+00
-2.00000e+00
-1.60000e+00
-1.20000e+00
-8.00000e-01
-4.00000e-01
 5.55112e-17
 4.00000e-01
 8.00000e-01
 1.20000e+00
 1.60000e+00
 2.00000e+00
 2.40000e+00
 2.80000e+00
 3.20000e+00
 3.60000e+00
 4.00000e+00
 4.40000e+00
 4.80000e+00
-4.80000e+00
-4.40000e+00
-4.00000e+00
-3.60000e+00
-3.20000e+00
-2.80000e+00
-2.40000e+00
-2.00000e+00
-1.60000e+00
-1.20000e+00
-8.00000e-01
-4.00000e-01
-2.77556e-17
 4.00000e-01
 8.00000e-01
 1.20000e+00
 1.60000e+00
 2.00000e+00
 2.40000e+00
 2.80000e+00
 3.20000e+00
 3.60000e+00
 4.00000e+00
 4.40000e+00
 4.80000e+00
-4.80000e+00
-4.40000e+00
-4.00000e+00
-3.60000e+00
-3.20000e+00
-2.80000e+00
-2.40000e+00
-2.00000e+00
-1.60000e+00
-1.20000e+00
-8.00000e-01
-4.00000e-01
-6.01371e-17
 4.00000e-01
 8.00000e-01
 1.20000e+00
 1.60000e+00
 2.00000e+00
 2.40000e+00
 2.80000e+00
 3.20000e+00
 3.60000e+00
 4.00000e+00
 4.40000e+00
 4.80000e+00
-4.80000e+00
-4.40000e+00
-4.00000e+00
-3.60000e+00
-3.20000e+00
-2.80000e+00
-2.40000e+00
-2.00000e+00
-1.60000e+00
-1.20000e+00
-8.00000e-01
-4.00000e-01
 0.00000e+00
 4.00000e-01
 8.00000e-01
 1.20000e+00
 1.60000e+00
 2.00000e+00
 2.40000e+00
 2.80000e+00
 3.20000e+00
 3.60000e+00
 4.00000e+00
 4.40000e+00
 4.80000e+00
-6.00000e-01
-6.00000e-01
-6.00000e-01
-6.00000e-01
-6.00000e-01
-6.00000e-01
-6.00000e-01
-6.00000e-01
-6.00000e-01
-6.00000e-01
-6.00000e-01
-6.00000e-01
-6.00000e-01
-6.00000e-01
-6.00000e-01
-6.00000e-01
-6.00000e-01
-6.00000e-01
-6.00000e-01
-6.00000e-01
-6.00000e-01
-6.00000e-01
-6.00000e-01
-6.00000e-01
-6.00000e-01
-6.00000e-01
-6.00000e-01
-6.00000e-01
-6.00000e-01
-6.00000e-01
-6.00000e-01
-6.00000e-01
-6.00000e-01
-6.00000e-01
-6.00000e-01
-6.00000e-01
-6.00000e-01
-6.00000e-01
-6.00000e-01
-6.00000e-01
-6.00000e-01
-6.00000e-01
-6.00000e-01
-6.00000e-01
-6.00000e-01
-6.00000e-01
-6.00000e-01
-6.00000e-01
-6.00000e-01
-6.00000e-01
-6.00000e-01
-6.00000e-01
-6.00000e-01
-6.00000e-01
-6.00000e-01
-6.00000e-01
-6.00000e-01
-6.00000e-01
-6.00000e-01
-6.00000e-01
-6.00000e-01
-6.00000e-01
-6.00000e-01
-6.00000e-01
-6.00000e-01
-6.00000e-01
-6.00000e-01
-6.00000e-01
-6.00000e-01
-6.00000e-01
-6.00000e-01
-6.00000e-01
-6.00000e-01
-6.00000e-01
-6.00000e-01
-6.00000e-01
-6.00000e-01
-6.00000e-01
-6.00000e-01
-6.00000e-01
-6.00000e-01
-6.00000e-01
-6.00000e-01
-6.00000e-01
-6.00000e-01
-6.00000e-01
-6.00000e-01
-6.00000e-01
-6.00000e-01
-6.00000e-01
-6.00000e-01
-6.00000e-01
-6.00000e-01
-6.00000e-01
-6.00000e-01
-6.00000e-01
-6.00000e-01
-6.00000e-01
-6.00000e-01
-6.00000e-01
-6.00000e-01
-6.00000e-01
-6.00000e-01
-6.00000e-01
-6.00000e-01
-6.00000e-01
-6.00000e-01
-6.00000e-01
-6.00000e-01
-6.00000e-01
-6.00000e-01
-6.00000e-01
-6.00000e-01
-6.00000e-01
-6.00000e-01
-6.00000e-01
-6.00000e-01
-6.00000e-01
-6.00000e-01
-6.00000e-01
-6.00000e-01
-6.00000e-01
-6.00000e-01
-6.00000e-01
-6.00000e-01
-6.00000e-01
-6.00000e-01
-6.00000e-01
-6.00000e-01
-6.00000e-01
-6.00000e-01
-6.00000e-01
-6.00000e-01
-6.00000e-01
-6.00000e-01
-6.00000e-01
-6.00000e-01
-6.00000e-01
-6.00000e-01
-6.00000e-01
-6.00000e-01
-6.00000e-01
-6.00000e-01
-6.00000e-01
-6.00000e-01
-6.00000e-01
-6.00000e-01
-6.00000e-01
-6.00000e-01
-6.00000e-01
-6.00000e-01
-6.00000e-01
-6.00000e-01
-6.00000e-01
-6.00000e-01
-6.00000e-01
-6.00000e-01
-6.00000e-01
-6.00000e-01
-6.00000e-01
-6.00000e-01
-6.00000e-01
-6.00000e-01
-6.00000e-01
-6.00000e-01
-6.00000e-01
-6.00000e-01
-6.00000e-01
-6.00000e-01
-6.00000e-01
-6.00000e-01
-6.00000e-01
-6.00000e-01
-6.00000e-01
-6.00000e-01
-6.00000e-01
-6.00000e-01
-6.00000e-01
-6.00000e-01
-6.00000e-01
-6.00000e-01
-6.00000e-01
-6.00000e-01
-6.00000e-01
-6.00000e-01
-6.00000e-01
-6.00000e-01
-6.00000e-01
-6.00000e-01
-6.00000e-01
-6.00000e-01
-6.00000e-01
-6.00000e-01
-6.00000e-01
-6.00000e-01
-6.00000e-01
-6.00000e-01
-6.00000e-01
-6.00000e-01
-6.00000e-01
-6.00000e-01
-6.00000e-01
-6.00000e-01
-6.00000e-01
-6.00000e-01
-6.00000e-01
-6.00000e-01
-6.00000e-01
-6.00000e-01
-6.00000e-01
-6.00000e-01
-6.00000e-01
-6.00000e-01
-6.00000e-01
-6.00000e-01
-6.00000e-01
-6.00000e-01
-6.00000e-01
-6.00000e-01
-6.00000e-01
-6.00000e-01
-6.00000e-01
-6.00000e-01
-6.00000e-01
-6.00000e-01
-6.00000e-01
-6.00000e-01
-6.00000e-01
-6.00000e-01
-6.00000e-01
-6.00000e-01
-6.00000e-01
-6.00000e-01
-6.00000e-01
-6.00000e-01
-6.00000e-01
-6.00000e-01
-6.00000e-01
-6.00000e-01
-6.00000e-01
-6.00000e-01
-6.00000e-01
-6.00000e-01
-6.00000e-01
-6.00000e-01
-6.00000e-01
-6.00000e-01
-6.00000e-01
-6.00000e-01
-6.00000e-01
-6.00000e-01
-6.00000e-01
-6.00000e-01
-6.00000e-01
-6.00000e-01
-6.00000e-01
-6.00000e-01
-6.00000e-01
-6.00000e-01
-6.00000e-01
-6.00000e-01
-6.00000e-01
-6.00000e-01
-6.00000e-01
-6.00000e-01
-6.00000e-01
-6.00000e-01
-6.00000e-01
-6.00000e-01
-6.00000e-01
-6.00000e-01
-6.00000e-01
-6.00000e-01
-6.00000e-01
-6.00000e-01
-6.00000e-01
-6.00000e-01
-6.00000e-01
-6.00000e-01
-6.00000e-01
-6.00000e-01
-6.00000e-01
-6.00000e-01
-6.00000e-01
-6.00000e-01
-6.00000e-01
-6.00000e-01
-6.00000e-01
-6.00000e-01
-6.00000e-01
-6.00000e-01
-6.00000e-01
-6.00000e-01
-6.00000e-01
-6.00000e-01
-6.00000e-01
-6.00000e-01
-6.00000e-01
-6.00000e-01
-6.00000e-01
-6.00000e-01
-6.00000e-01
-6.00000e-01
-6.00000e-01
-6.00000e-01
-6.00000e-01
-6.00000e-01
-6.00000e-01
-6.00000e-01
-6.00000e-01
-6.00000e-01
-6.00000e-01
-6.00000e-01
-6.00000e-01
-6.00000e-01
-6.00000e-01
-6.00000e-01
-6.00000e-01
-6.00000e-01
-6.00000e-01
-6.00000e-01
-6.00000e-01
-6.00000e-01
-6.00000e-01
-6.00000e-01
-6.00000e-01
-6.00000e-01
-6.00000e-01
-6.00000e-01
-6.00000e-01
-6.00000e-01
-6.00000e-01
-6.00000e-01
-6.00000e-01
-6.00000e-01
-6.00000e-01
-6.00000e-01
-6.00000e-01
-6.00000e-01
-6.00000e-01
-6.00000e-01
-6.00000e-01
-6.00000e-01
-6.00000e-01
-6.00000e-01
-6.00000e-01
-6.00000e-01
-6.00000e-01
-6.00000e-01
-6.00000e-01
-6.00000e-01
-6.00000e-01
-6.00000e-01
-6.00000e-01
-6.00000e-01
-6.00000e-01
-6.00000e-01
-6.00000e-01
-6.00000e-01
-6.00000e-01
-6.00000e-01
-6.00000e-01
-6.00000e-01
-6.00000e-01
-6.00000e-01
-6.00000e-01
-6.00000e-01
-6.00000e-01
-6.00000e-01
-6.00000e-01
-6.00000e-01
-6.00000e-01
-6.00000e-01
-6.00000e-01
-6.00000e-01
-6.00000e-01
-6.00000e-01
-6.00000e-01
-6.00000e-01
-6.00000e-01
-6.00000e-01
-6.00000e-01
-6.00000e-01
-6.00000e-01
-6.00000e-01
-6.00000e-01
-6.00000e-01
-6.00000e-01
-6.00000e-01
-6.00000e-01
-6.00000e-01
-6.00000e-01
-6.00000e-01
-6.00000e-01
-6.00000e-01
-6.00000e-01
-6.00000e-01
-6.00000e-01
-6.00000e-01
-6.00000e-01
-6.00000e-01
-6.00000e-01
-6.00000e-01
-6.00000e-01
-6.00000e-01
-6.00000e-01
-6.00000e-01
-6.00000e-01
-6.00000e-01
-6.00000e-01
-6.00000e-01
-6.00000e-01
-6.00000e-01
-6.00000e-01
-6.00000e-01
-6.00000e-01
-6.00000e-01
-6.00000e-01
-6.00000e-01
-6.00000e-01
-6.00000e-01
-6.00000e-01
-6.00000e-01
-6.00000e-01
-6.00000e-01
-6.00000e-01
-6.00000e-01
-6.00000e-01
-6.00000e-01
-6.00000e-01
-6.00000e-01
-6.00000e-01
-6.00000e-01
-6.00000e-01
-6.00000e-01
-6.00000e-01
-6.00000e-01
-6.00000e-01
-6.00000e-01
-6.00000e-01
-6.00000e-01
-6.00000e-01
-6.00000e-01
-6.00000e-01
-6.00000e-01
-6.00000e-01
-6.00000e-01
-6.00000e-01
-6.00000e-01
-6.00000e-01
-6.00000e-01
-6.00000e-01
-6.00000e-01
-6.00000e-01
-6.00000e-01
-6.00000e-01
-6.00000e-01
-6.00000e-01
-6.00000e-01
-6.00000e-01
-6.00000e-01
-6.00000e-01
-6.00000e-01
-6.00000e-01
-6.00000e-01
-6.00000e-01
-6.00000e-01
-6.00000e-01
-6.00000e-01
-6.00000e-01
-6.00000e-01
-6.00000e-01
-6.00000e-01
-6.00000e-01
-6.00000e-01
-6.00000e-01
-6.00000e-01
-6.00000e-01
-6.00000e-01
-6.00000e-01
-6.00000e-01
-6.00000e-01
-6.00000e-01
-6.00000e-01
-6.00000e-01
-6.00000e-01
-6.00000e-01
-6.00000e-01
-6.00000e-01
-6.00000e-01
-6.00000e-01
-6.00000e-01
-6.00000e-01
-6.00000e-01
-6.00000e-01
-6.00000e-01
-6.00000e-01
-6.00000e-01
-6.00000e-01
-6.00000e-01
-6.00000e-01
-6.00000e-01
-6.00000e-01
-6.00000e-01
-6.00000e-01
-6.00000e-01
-6.00000e-01
-6.00000e-01
-6.00000e-01
-6.00000e-01
-6.00000e-01
-6.00000e-01
-6.00000e-01
-6.00000e-01
-6.00000e-01
-6.00000e-01
-6.00000e-01
-6.00000e-01
-6.00000e-01
-6.00000e-01
-6.00000e-01
-6.00000e-01
-6.00000e-01
-6.00000e-01
-6.00000e-01
-6.00000e-01
-6.00000e-01
-6.00000e-01
-6.00000e-01
-6.00000e-01
-6.00000e-01
-6.00000e-01
-6.00000e-01
-6.00000e-01
-6.00000e-01
-6.00000e-01
-6.00000e-01
-6.00000e-01
-6.00000e-01
-6.00000e-01
-6.00000e-01
-6.00000e-01
-6.00000e-01
-6.00000e-01
-6.00000e-01
-6.00000e-01
-6.00000e-01
-6.00000e-01
-6.00000e-01
-6.00000e-01
-6.00000e-01
-6.00000e-01
-6.00000e-01
-6.00000e-01
-6.00000e-01
-6.00000e-01
-6.00000e-01
-6.00000e-01
-6.00000e-01
-6.00000e-01
-6.00000e-01
-6.00000e-01
-6.00000e-01
-6.00000e-01
-6.00000e-01
-6.00000e-01
-6.00000e-01
-6.00000e-01
-6.00000e-01
-6.00000e-01
-6.00000e-01
-6.00000e-01
-6.00000e-01
-6.00000e-01
-6.00000e-01
-6.00000e-01
-6.00000e-01
-6.00000e-01
-6.00000e-01
-6.00000e-01
-6.00000e-01
-6.00000e-01
-6.00000e-01
-6.00000e-01
-6.00000e-01
-6.00000e-01
-6.00000e-01
-6.00000e-01
-6.00000e-01
-6.00000e-01
-6.00000e-01
-6.00000e-01
-6.00000e-01
-6.00000e-01
-6.00000e-01
-6.00000e-01
-6.00000e-01
-6.00000e-01
-6.00000e-01
-6.00000e-01
-6.00000e-01
-6.00000e-01
-6.00000e-01
-6.00000e-01
-6.00000e-01
-6.00000e-01
-6.00000e-01
-6.00000e-01
-6.00000e-01
-6.00000e-01
-6.00000e-01
-6.00000e-01
-6.00000e-01
-6.00000e-01
-6.00000e-01
-6.00000e-01
-6.00000e-01
-6.00000e-01
-6.00000e-01
-6.00000e-01
-6.00000e-01
-6.00000e-01
-6.00000e-01
-6.00000e-01
-6.00000e-01
 6.00000e-01
 6.00000e-01
 6.00000e-01
 6.00000e-01
 6.00000e-01
 6.00000e-01
 6.00000e-01
 6.00000e-01
 6.00000e-01
 6.00000e-01
 6.00000e-01
 6.00000e-01
 6.00000e-01
 6.00000e-01
 6.00000e-01
 6.00000e-01
 6.00000e-01
 6.00000e-01
 6.00000e-01
 6.00000e-01
 6.00000e-01
 6.00000e-01
 6.00000e-01
 6.00000e-01
 6.00000e-01
 6.00000e-01
 6.00000e-01
 6.00000e-01
 6.00000e-01
 6.00000e-01
 6.00000e-01
 6.00000e-01
 6.00000e-01
 6.00000e-01
 6.00000e-01
 6.00000e-01
 6.00000e-01
 6.00000e-01
 6.00000e-01
 6.00000e-01
 6.00000e-01
 6.00000e-01
 6.00000e-01
 6.00000e-01
 6.00000e-01
 6.00000e-01
 6.00000e-01
 6.00000e-01
 6.00000e-01
 6.00000e-01
 6.00000e-01
 6.00000e-01
 6.00000e-01
 6.00000e-01
 6.00000e-01
 6.00000e-01
 6.00000e-01
 6.00000e-01
 6.00000e-01
 6.00000e-01
 6.00000e-01
 6.00000e-01
 6.00000e-01
 6.00000e-01
 6.00000e-01
 6.00000e-01
 6.00000e-01
 6.00000e-01
 6.00000e-01
 6.00000e-01
 6.00000e-01
 6.00000e-01
 6.00000e-01
 6.00000e-01
 6.00000e-01
 6.00000e-01
 6.00000e-01
 6.00000e-01
 6.00000e-01
 6.00000e-01
 6.00000e-01
 6.00000e-01
 6.00000e-01
 6.00000e-01
 6.00000e-01
 6.00000e-01
 6.00000e-01
 6.00000e-01
 6.00000e-01
 6.00000e-01
 6.00000e-01
 6.00000e-01
 6.00000e-01
 6.00000e-01
 6.00000e-01
 6.00000e-01
 6.00000e-01
 6.00000e-01
 6.00000e-01
 6.00000e-01
 6.00000e-01
 6.00000e-01
 6.00000e-01
 6.00000e-01
 6.00000e-01
 6.00000e-01
 6.00000e-01
 6.00000e-01
 6.00000e-01
 6.00000e-01
 6.00000e-01
 6.00000e-01
 6.00000e-01
 6.00000e-01
 6.00000e-01
 6.00000e-01
 6.00000e-01
 6.00000e-01
 6.00000e-01
 6.00000e-01
 6.00000e-01
 6.00000e-01
 6.00000e-01
 6.00000e-01
 6.00000e-01
 6.00000e-01
 6.00000e-01
 6.00000e-01
 6.00000e-01
 6.00000e-01
 6.00000e-01
 6.00000e-01
 6.00000e-01
 6.00000e-01
 6.00000e-01
 6.00000e-01
 6.00000e-01
 6.00000e-01
 6.00000e-01
 6.00000e-01
 6.00000e-01
 6.00000e-01
 6.00000e-01
 6.00000e-01
 6.00000e-01
 6.00000e-01
 6.00000e-01
 6.00000e-01
 6.00000e-01
 6.00000e-01
 6.00000e-01
 6.00000e-01
 6.00000e-01
 6.00000e-01
 6.00000e-01
 6.00000e-01
 6.00000e-01
 6.00000e-01
 6.00000e-01
 6.00000e-01
 6.00000e-01
 6.00000e-01
 6.00000e-01
 6.00000e-01
 6.00000e-01
 6.00000e-01
 6.00000e-01
 6.00000e-01
 6.00000e-01
 6.00000e-01
 6.00000e-01
 6.00000e-01
 6.00000e-01
 6.00000e-01
 6.00000e-01
 6.00000e-01
 6.00000e-01
 6.00000e-01
 6.00000e-01
 6.00000e-01
 6.00000e-01
 6.00000e-01
 6.00000e-01
 6.00000e-01
 6.00000e-01
 6.00000e-01
 6.00000e-01
 6.00000e-01
 6.00000e-01
 6.00000e-01
 6.00000e-01
 6.00000e-01
 6.00000e-01
 6.00000e-01
 6.00000e-01
 6.00000e-01
 6.00000e-01
 6.00000e-01
 6.00000e-01
 6.00000e-01
 6.00000e-01
 6.00000e-01
 6.00000e-01
 6.00000e-01
 6.00000e-01
 6.00000e-01
 6.00000e-01
 6.00000e-01
 6.00000e-01
 6.00000e-01
 6.00000e-01
 6.00000e-01
 6.00000e-01
 6.00000e-01
 6.00000e-01
 6.00000e-01
 6.00000e-01
 6.00000e-01
 6.00000e-01
 6.00000e-01
 6.00000e-01
 6.00000e-01
 6.00000e-01
 6.00000e-01
 6.00000e-01
 6.00000e-01
 6.00000e-01
 6.00000e-01
 6.00000e-01
 6.00000e-01
 6.00000e-01
 6.00000e-01
 6.00000e-01
 6.00000e-01
 6.00000e-01
 6.00000e-01
 6.00000e-01
 6.00000e-01
 6.00000e-01
 6.00000e-01
 6.00000e-01
 6.00000e-01
 6.00000e-01
 6.00000e-01
 6.00000e-01
 6.00000e-01
 6.00000e-01
 6.00000e-01
 6.00000e-01
 6.00000e-01
 6.00000e-01
 6.00000e-01
 6.00000e-01
 6.00000e-01
 6.00000e-01
 6.00000e-01
 6.00000e-01
 6.00000e-01
 6.00000e-01
 6.00000e-01
 6.00000e-01
 6.00000e-01
 6.00000e-01
 6.00000e-01
 6.00000e-01
 6.00000e-01
 6.00000e-01
 6.00000e-01
 6.00000e-01
 6.00000e-01
 6.00000e-01
 6.00000e-01
 6.00000e-01
 6.00000e-01
 6.00000e-01
 6.00000e-01
 6.00000e-01
 6.00000e-01
 6.00000e-01
 6.00000e-01
 6.00000e-01
 6.00000e-01
 6.00000e-01
 6.00000e-01
 6.00000e-01
 6.00000e-01
 6.00000e-01
 6.00000e-01
 6.00000e-01
 6.00000e-01
 6.00000e-01
 6.00000e-01
 6.00000e-01
 6.00000e-01
 6.00000e-01
 6.00000e-01
 6.00000e-01
 6.00000e-01
 6.00000e-01
 6.00000e-01
 6.00000e-01
 6.00000e-01
 6.00000e-01
 6.00000e-01
 6.00000e-01
 6.00000e-01
 6.00000e-01
 6.00000e-01
 6.00000e-01
 6.00000e-01
 6.00000e-01
 6.00000e-01
 6.00000e-01
 6.00000e-01
 6.00000e-01
 6.00000e-01
 6.00000e-01
 6.00000e-01
 6.00000e-01
 6.00000e-01
 6.00000e-01
 6.00000e-01
 6.00000e-01
 6.00000e-01
 6.00000e-01
 6.00000e-01
 6.00000e-01
 6.00000e-01
 6.00000e-01
 6.00000e-01
 6.00000e-01
 6.00000e-01
 6.00000e-01
 6.00000e-01
 6.00000e-01
 6.00000e-01
 6.00000e-01
 6.00000e-01
 6.00000e-01
 6.00000e-01
 6.00000e-01
 6.00000e-01
 6.00000e-01
 6.00000e-01
 6.00000e-01
 6.00000e-01
 6.00000e-01
 6.00000e-01
 6.00000e-01
 6.00000e-01
 6.00000e-01
 6.00000e-01
 6.00000e-01
 6.00000e-01
 6.00000e-01
 6.00000e-01
 6.00000e-01
 6.00000e-01
 6.00000e-01
 6.00000e-01
 6.00000e-01
 6.00000e-01
 6.00000e-01
 6.00000e-01
 6.00000e-01
 6.00000e-01
 6.00000e-01
 6.00000e-01
 6.00000e-01
 6.00000e-01
 6.00000e-01
 6.00000e-01
 6.00000e-01
 6.00000e-01
 6.00000e-01
 6.00000e-01
 6.00000e-01
 6.00000e-01
 6.00000e-01
 6.00000e-01
 6.00000e-01
 6.00000e-01
 6.00000e-01
 6.00000e-01
 6.00000e-01
 6.00000e-01
 6.00000e-01
 6.00000e-01
 6.00000e-01
 6.00000e-01
 6.00000e-01
 6.00000e-01
 6.00000e-01
 6.00000e-01
 6.00000e-01
 6.00000e-01
 6.00000e-01
 6.00000e-01
 6.00000e-01
 6.00000e-01
 6.00000e-01
 6.00000e-01
 6.00000e-01
 6.00000e-01
 6.00000e-01
 6.00000e-01
 6.00000e-01
 6.00000e-01
 6.00000e-01
 6.00000e-01
 6.00000e-01
 6.00000e-01
 6.00000e-01
 6.00000e-01
 6.00000e-01
 6.00000e-01
 6.00000e-01
 6.00000e-01
 6.00000e-01
 6.00000e-01
 6.00000e-01
 6.00000e-01
 6.00000e-01
 6.00000e-01
 6.00000e-01
 6.00000e-01
 6.00000e-01
 6.00000e-01
 6.00000e-01
 6.00000e-01
 6.00000e-01
 6.00000e-01
 6.00000e-01
 6.00000e-01
 6.00000e-01
 6.00000e-01
 6.00000e-01
 6.00000e-01
 6.00000e-01
 6.00000e-01
 6.00000e-01
 6.00000e-01
 6.00000e-01
 6.00000e-01
 6.00000e-01
 6.00000e-01
 6.00000e-01
 6.00000e-01
 6.00000e-01
 6.00000e-01
 6.00000e-01
 6.00000e-01
 6.00000e-01
 6.00000e-01
 6.00000e-01
 6.00000e-01
 6.00000e-01
 6.00000e-01
 6.00000e-01
 6.00000e-01
 6.00000e-01
 6.00000e-01
 6.00000e-01
 6.00000e-01
 6.00000e-01
 6.00000e-01
 6.00000e-01
 6.00000e-01
 6.00000e-01
 6.00000e-01
 6.00000e-01
 6.00000e-01
 6.00000e-01
 6.00000e-01
 6.00000e-01
 6.00000e-01
 6.00000e-01
 6.00000e-01
 6.00000e-01
 6.00000e-01
 6.00000e-01
 6.00000e-01
 6.00000e-01
 6.00000e-01
 6.00000e-01
 6.00000e-01
 6.00000e-01
 6.00000e-01
 6.00000e-01
 6.00000e-01
 6.00000e-01
 6.00000e-01
 6.00000e-01
 6.00000e-01
 6.00000e-01
 6.00000e-01
 6.00000e-01
 6.00000e-01
 6.00000e-01
 6.00000e-01
 6.00000e-01
 6.00000e-01
 6.00000e-01
 6.00000e-01
 6.00000e-01
 6.00000e-01
 6.00000e-01
 6.00000e-01
 6.00000e-01
 6.00000e-01
 6.00000e-01
 6.00000e-01
 6.00000e-01
 6.00000e-01
 6.00000e-01
 6.00000e-01
 6.00000e-01
 6.00000e-01
 6.00000e-01
 6.00000e-01
 6.00000e-01
 6.00000e-01
 6.00000e-01
 6.00000e-01
 6.00000e-01
 6.00000e-01
 6.00000e-01
 6.00000e-01
 6.00000e-01
 6.00000e-01
 6.00000e-01
 6.00000e-01
 6.00000e-01
 6.00000e-01
 6.00000e-01
 6.00000e-01
 6.00000e-01
 6.00000e-01
 6.00000e-01
 6.00000e-01
 6.00000e-01
 6.00000e-01
 6.00000e-01
 6.00000e-01
 6.00000e-01
 6.00000e-01
 6.00000e-01
 6.00000e-01
 6.00000e-01
 6.00000e-01
 6.00000e-01
 6.00000e-01
 6.00000e-01
 6.00000e-01
 6.00000e-01
 6.00000e-01
 6.00000e-01
 6.00000e-01
 6.00000e-01
 6.00000e-01
 6.00000e-01
 6.00000e-01
 6.00000e-01
 6.00000e-01
 6.00000e-01
 6.00000e-01
 6.00000e-01
 6.00000e-01
 6.00000e-01
 6.00000e-01
 6.00000e-01
 6.00000e-01
 6.00000e-01
 6.00000e-01
 6.00000e-01
 6.00000e-01
 6.00000e-01
 6.00000e-01
 6.00000e-01
 6.00000e-01
 6.00000e-01
 6.00000e-01
 6.00000e-01
 6.00000e-01
 6.00000e-01
 6.00000e-01
 6.00000e-01
 6.00000e-01
 6.00000e-01
 6.00000e-01
 6.00000e-01
 6.00000e-01
 6.00000e-01
 6.00000e-01
 6.00000e-01
 6.00000e-01
 6.00000e-01
 6.00000e-01
 6.00000e-01
 6.00000e-01
 6.00000e-01
 6.00000e-01
 6.00000e-01
 6.00000e-01
 6.00000e-01
 6.00000e-01
 6.00000e-01
 6.00000e-01
 6.00000e-01
 6.00000e-01
 6.00000e-01
 6.00000e-01
 6.00000e-01
 6.00000e-01
 6.00000e-01
 6.00000e-01
 6.00000e-01
 6.00000e-01
 6.00000e-01
 6.00000e-01
 6.00000e-01
 6.00000e-01
 6.00000e-01
 6.00000e-01
 6.00000e-01
quad4
      1152
         1         2         3         4
         2         5         6         3
         5         7         8         6
         7         9        10         8
         9        11        12        10
        11        13        14        12
        13        15        16        14
        15        17        18        16
        17        19        20        18
        19        21        22        20
        21        23        24        22
        23        25        26        24
        25        27        28        26
        27        29        30        28
        29        31        32        30
        31        33        34        32
        33        35        36        34
        35        37        38        36
        37        39        40        38
        39        41        42        40
        41        43        44        42
        43        45        46        44
        45        47        48        46
        47        49        50        48
         4         3        51        52
         3         6        53        51
         6         8        54        53
         8        10        55        54
        10        12        56        55
        12        14        57        56
        14        16        58        57
        16        18        59        58
        18        20        60        59
        20        22        61        60
        22        24        62        61
        24        26        63        62
        26        28        64        63
        28        30        65        64
        30        32        66        65
        32        34        67        66
        34        36        68        67
        36        38        69        68
        38        40        70        69
        40        42        71        70
        42        44        72        71
        44        46        73        72
        46        48        74        73
        48        50        75        74
        52        51        76        77
        51        53        78        76
        53        54        79        78
        54        55        80        79
        55        56        81        80
        56        57        82        81
        57        58        83        82
        58        59        84        83
        59        60        85        84
        60        61        86        85
        61        62        87        86
        62        63        88        87
        63        64        89        88
        64        65        90        89
        65        66        91        90
        66        67        92        91
        67        68        93        92
        68        69        94        93
        69        70        95        94
        70        71        96        95
        71        72        97        96
        72        73        98        97
        73        74        99        98
        74        75       100        99
        77        76       101       102
        76        78       103       101
        78        79       104       103
        79        80       105       104
        80        81       106       105
        81        82       107       106
        82        83       108       107
        83        84       109       108
        84        85       110       109
        85        86       111       110
        86        87       112       111
        87        88       113       112
        88        89       114       113
        89        90       115       114
        90        91       116       115
        91        92       117       116
        92        93       118       117
        93        94       119       118
        94        95       120       119
        95        96       121       120
        96        97       122       121
        97        98       123       122
        98        99       124       123
        99       100       125       124
       102       101       126       127
       101       103       128       126
       103       104       129       128
       104       105       130       129
       105       106       131       130
       106       107       132       131
       107       108       133       132
       108       109       134       133
       109       110       135       134
       110       111       136       135
       111       112       137       136
       112       113       138       137
       113       114       139       138
       114       115       140       139
       115       116       141       140
       116       117       142       141
       117       118       143       142
       118       119       144       143
       119       120       145       144
       120       121       146       145
       121       122       147       146
       122       123       148       147
       123       124       149       148
       124       125       150       149
       127       126       151       152
       126       128       153       151
       128       129       154       153
       129       130       155       154
       130       131       156       155
       131       132       157       156
       132       133       158       157
       133       134       159       158
       134       135       160       159
       135       136       161       160
       136       137       162       161
       137       138       163       162
       138       139       164       163
       139       140       165       164
       140       141       166       165
       141       142       167       166
       142       143       168       167
       143       144       169       168
       144       145       170       169
       145       146       171       170
       146       147       172       171
       147       148       173       172
       148       149       174       173
       149       150       175       174
       152       151       176       177
       151       153       178       176
       153       154       179       178
       154       155       180       179
       155       156       181       180
       156       157       182       181
       157       158       183       182
       158       159       184       183
       159       160       185       184
       160       161       186       185
       161       162       187       186
       162       163       188       187
       163       164       189       188
       164       165       190       189
       165       166       191       190
       166       167       192       191
       167       168       193       192
       168       169       194       193
       169       170       195       194
       170       171       196       195
       171       172       197       196
       172       173       198       197
       173       174       199       198
       174       175       200       199
       177       176       201       202
       176       178       203       201
       178       179       204       203
       179       180       205       204
       180       181       206       205
       181       182       207       206
       182       183       208       207
       183       184       209       208
       184       185       210       209
       185       186       211       210
       186       187       212       211
       187       188       213       212
       188       189       214       213
       189       190       215       214
       190       191       216       215
       191       192       217       216
       192       193       218       217
       193       194       219       218
       194       195       220       219
       195       196       221       220
       196       197       222       221
       197       198       223       222
       198       199       224       223
       199       200       225       224
       202       201       226       227
       201       203       228       226
       203       204       229       228
       204       205       230       229
       205       206       231       230
       206       207       232       231
       207       208       233       232
       208       209       234       233
       209       210       235       234
       210       211       236       235
       211       212       237       236
       212       213       238       237
       213       214       239       238
       214       215       240       239
       215       216       241       240
       216       217       242       241
       217       218       243       242
       218       219       244       243
       219       220       245       244
       220       221       246       245
       221       222       247       246
       222       223       248       247
       223       224       249       248
       224       225       250       249
       227       226       251       252
       226       228       253       251
       228       229       254       253
       229       230       255       254
       230       231       256       255
       231       232       257       256
       232       233       258       257
       233       234       259       258
       234       235       260       259
       235       236       261       260
       236       237       262       261
       237       238       263       262
       238       239       264       263
       239       240       265       264
       240       241       266       265
       241       242       267       266
       242       243       268       267
       243       244       269       268
       244       245       270       269
       245       246       271       270
       246       247       272       271
       247       248       273       272
       248       249       274       273
       249       250       275       274
       252       251       276       277
       251       253       278       276
       253       254       279       278
       254       255       280       279
       255       256       281       280
       256       257       282       281
       257       258       283       282
       258       259       284       283
       259       260       285       284
       260       261       286       285
       261       262       287       286
       262       263       288       287
       263       264       289       288
       264       265       290       289
       265       266       291       290
       266       267       292       291
       267       268       293       292
       268       269       294       293
       269       270       295       294
       270       271       296       295
       271       272       297       296
       272       273       298       297
       273       274       299       298
       274       275       300       299
       277       276       301       302
       276       278       303       301
       278       279       304       303
       279       280       305       304
       280       281       306       305
       281       282       307       306
       282       283       308       307
       283       284       309       308
       284       285       310       309
       285       286       311       310
       286       287       312       311
       287       288       313       312
       288       289       314       313
       289       290       315       314
       290       291       316       315
       291       292       317       316
       292       293       318       317
       293       294       319       318
       294       295       320       319
       295       296       321       320
       296       297       322       321
       297       298       323       322
       298       299       324       323
       299       300       325       324
       302       301       326       327
       301       303       328       326
       303       304       329       328
       304       305       330       329
       305       306       331       330
       306       307       332       331
       307       308       333       332
       308       309       334       333
       309       310       335       334
       310       311       336       335
       311       312       337       336
       312       313       338       337
       313       314       339       338
       314       315       340       339
       315       316       341       340
       316       317       342       341
       317       318       343       342
       318       319       344       343
       319       320       345       344
       320       321       346       345
       321       322       347       346
       322       323       348       347
       323       324       349       348
       324       325       350       349
       327       326       351       352
       326       328       353       351
       328       329       354       353
       329       330       355       354
       330       331       356       355
       331       332       357       356
       332       333       358       357
       333       334       359       358
       334       335       360       359
       335       336       361       360
       336       337       362       361
       337       338       363       362
       338       339       364       363
       339       340       365       364
       340       341       366       365
       341       342       367       366
       342       343       368       367
       343       344       369       368
       344       345       370       369
       345       346       371       370
       346       347       372       371
       347       348       373       372
       348       349       374       373
       349       350       375       374
       352       351       376       377
       351       353       378       376
       353       354       379       378
       354       355       380       379
       355       356       381       380
       356       357       382       381
       357       358       383       382
       358       359       384       383
       359       360       385       384
       360       361       386       385
       361       362       387       386
       362       363       388       387
       363       364       389       388
       364       365       390       389
       365       366       391       390
       366       367       392       391
       367       368       393       392
       368       369       394       393
       369       370       395       394
       370       371       396       395
       371       372       397       396
       372       373       398       397
       373       374       399       398
       374       375       400       399
       377       376       401       402
       376       378       403       401
       378       379       404       403
       379       380       405       404
       380       381       406       405
       381       382       407       406
       382       383       408       407
       383       384       409       408
       384       385       410       409
       385       386       411       410
       386       387       412       411
       387       388       413       412
       388       389       414       413
       389       390       415       414
       390       391       416       415
       391       392       417       416
       392       393       418       417
       393       394       419       418
       394       395       420       419
       395       396       421       420
       396       397       422       421
       397       398       423       422
       398       399       424       423
       399       400       425       424
       402       401       426       427
       401       403       428       426
       403       404       429       428
       404       405       430       429
       405       406       431       430
       406       407       432       431
       407       408       433       432
       408       409       434       433
       409       410       435       434
       410       411       436       435
       411       412       437       436
       412       413       438       437
       413       414       439       438
       414       415       440       439
       415       416       441       440
       416       417       442       441
       417       418       443       442
       418       419       444       443
       419       420       445       444
       420       421       446       445
       421       422       447       446
       422       423       448       447
       423       424       449       448
       424       425       450       449
       427       426       451       452
       426       428       453       451
       428       429       454       453
       429       430       455       454
       430       431       456       455
       431       432       457       456
       432       433       458       457
       433       434       459       458
       434       435       460       459
       435       436       461       460
       436       437       462       461
       437       438       463       462
       438       439       464       463
       439       440       465       464
       440       441       466       465
       441       442       467       466
       442       443       468       467
       443       444       469       468
       444       445       470       469
       445       446       471       470
       446       447       472       471
       447       448       473       472
       448       449       474       473
       449       450       475       474
       452       451       476       477
       451       453       478       476
       453       454       479       478
       454       455       480       479
       455       456       481       480
       456       457       482       481
       457       458       483       482
       458       459       484       483
       459       460       485       484
       460       461       486       485
       461       462       487       486
       462       463       488       487
       463       464       489       488
       464       465       490       489
       465       466       491       490
       466       467       492       491
       467       468       493       492
       468       469       494       493
       469       470       495       494
       470       471       496       495
       471       472       497       496
       472       473       498       497
       473       474       499       498
       474       475       500       499
       477       476       501       502
       476       478       503       501
       478       479       504       503
       479       480       505       504
       480       481       506       505
       481       482       507       506
       482       483       508       507
       483       484       509       508
       484       485       510       509
       485       486       511       510
       486       487       512       511
       487       488       513       512
       488       489       514       513
       489       490       515       514
       490       491       516       515
       491       492       517       516
       492       493       518       517
       493       494       519       518
       494       495       520       519
       495       496       521       520
       496       497       522       521
       497       498       523       522
       498       499       524       523
       499       500       525       524
       502       501       526       527
       501       503       528       526
       503       504       529       528
       504       505       530       529
       505       506       531       530
       506       507       532       531
       507       508       533       532
       508       509       534       533
       509       510       535       534
       510       511       536       535
       511       512       537       536
       512       513       538       537
       513       514       539       538
       514       515       540       539
       515       516       541       540
       516       517       542       541
       517       518       543       542
       518       519       544       543
       519       520       545       544
       520       521       546       545
       521       522       547       546
       522       523       548       547
       523       524       549       548
       524       525       550       549
       527       526       551       552
       526       528       553       551
       528       529       554       553
       529       530       555       554
       530       531       556       555
       531       532       557       556
       532       533       558       557
       533       534       559       558
       534       535       560       559
       535       536       561       560
       536       537       562       561
       537       538       563       562
       538       539       564       563
       539       540       565       564
       540       541       566       565
       541       542       567       566
       542       543       568       567
       543       544       569       568
       544       545       570       569
       545       546       571       570
       546       547       572       571
       547       548       573       572
       548       549       574       573
       549       550       575       574
       552       551       576       577
       551       553       578       576
       553       554       579       578
       554       555       580       579
       555       556       581       580
       556       557       582       581
       557       558       583       582
       558       559       584       583
       559       560       585       584
       560       561       586       585
       561       562       587       586
       562       563       588       587
       563       564       589       588
       564       565       590       589
       565       566       591       590
       566       567       592       591
       567       568       593       592
       568       569       594       593
       569       570       595       594
       570       571       596       595
       571       572       597       596
       572       573       598       597
       573       574       599       598
       574       575       600       599
       577       576       601       602
       576       578       603       601
       578       579       604       603
       579       580       605       604
       580       581       606       605
       581       582       607       606
       582       583       608       607
       583       584       609       608
       584       585       610       609
       585       586       611       610
       586       587       612       611
       587       588       613       612
       588       589       614       613
       589       590       615       614
       590       591       616       615
       591       592       617       616
       592       593       618       617
       593       594       619       618
       594       595       620       619
       595       596       621       620
       596       597       622       621
       597       598       623       622
       598       599       624       623
       599       600       625       624
       626       627       628       629
       629       628       630       631
       631       630       632       633
       633       632       634       635
       635       634       636       637
       637       636       638       639
       639       638       640       641
       641       640       642       643
       643       642       644       645
       645       644       646       647
       647       646       648       649
       649       648       650       651
       651       650       652       653
       653       652       654       655
       655       654       656       657
       657       656       658       659
       659       658       660       661
       661       660       662       663
       663       662       664       665
       665       664       666       667
       667       666       668       669
       669       668       670       671
       671       670       672       673
       673       672       674       675
       627       676       677       628
       628       677       678       630
       630       678       679       632
       632       679       680       634
       634       680       681       636
       636       681       682       638
       638       682       683       640
       640       683       684       642
       642       684       685       644
       644       685       686       646
       646       686       687       648
       648       687       688       650
       650       688       689       652
       652       689       690       654
       654       690       691       656
       656       691       692       658
       658       692       693       660
       660       693       694       662
       662       694       695       664
       664       695       696       666
       666       696       697       668
       668       697       698       670
       670       698       699       672
       672       699       700       674
       676       701       702       677
       677       702       703       678
       678       703       704       679
       679       704       705       680
       680       705       706       681
       681       706       707       682
       682       707       708       683
       683       708       709       684
       684       709       710       685
       685       710       711       686
       686       711       712       687
       687       712       713       688
       688       713       714       689
       689       714       715       690
       690       715       716       691
       691       716       717       692
       692       717       718       693
       693       718       719       694
       694       719       720       695
       695       720       721       696
       696       721       722       697
       697       722       723       698
       698       723       724       699
       699       724       725       700
       701       726       727       702
       702       727       728       703
       703       728       729       704
       704       729       730       705
       705       730       731       706
       706       731       732       707
       707       732       733       708
       708       733       734       709
       709       734       735       710
       710       735       736       711
       711       736       737       712
       712       737       738       713
       713       738       739       714
       714       739       740       715
       715       740       741       716
       716       741       742       717
       717       742       743       718
       718       743       744       719
       719       744       745       720
       720       745       746       721
       721       746       747       722
       722       747       748       723
       723       748       749       724
       724       749       750       725
       726       751       752       727
       727       752       753       728
       728       753       754       729
       729       754       755       730
       730       755       756       731
       731       756       757       732
       732       757       758       733
       733       758       759       734
       734       759       760       735
       735       760       761       736
       736       761       762       737
       737       762       763       738
       738       763       764       739
       739       764       765       740
       740       765       766       741
       741       766       767       742
       742       767       768       743
       743       768       769       744
       744       769       770       745
       745       770       771       746
       746       771       772       747
       747       772       773       748
       748       773       774       749
       749       774       775       750
       751       776       777       752
       752       777       778       753
       753       778       779       754
       754       779       780       755
       755       780       781       756
       756       781       782       757
       757       782       783       758
       758       783       784       759
       759       784       785       760
       760       785       786       761
       761       786       787       762
       762       787       788       763
       763       788       789       764
       764       789       790       765
       765       790       791       766
       766       791       792       767
       767       792       793       768
       768       793       794       769
       769       794       795       770
       770       795       796       771
       771       796       797       772
       772       797       798       773
       773       798       799       774
       774       799       800       775
       776       801       802       777
       777       802       803       778
       778       803       804       779
       779       804       805       780
       780       805       806       781
       781       806       807       782
       782       807       808       783
       783       808       809       784
       784       809       810       785
       785       810       811       786
       786       811       812       787
       787       812       813       788
       788       813       814       789
       789       814       815       790
       790       815       816       791
       791       816       817       792
       792       817       818       793
       793       818       819       794
       794       819       820       795
       795       820       821       796
       796       821       822       797
       797       822       823       798
       798       823       824       799
       799       824       825       800
       801       826       827       802
       802       827       828       803
       803       828       829       804
       804       829       830       805
       805       830       831       806
       806       831       832       807
       807       832       833       808
       808       833       834       809
       809       834       835       810
       810       835       836       811
       811       836       837       812
       812       837       838       813
       813       838       839       814
       814       839       840       815
       815       840       841       816
       816       841       842       817
       817       842       843       818
       818       843       844       819
       819       844       845       820
       820       845       846       821
       821       846       847       822
       822       847       848       823
       823       848       849       824
       824       849       850       825
       826       851       852       827
       827       852       853       828
       828       853       854       829
       829       854       855       830
       830       855       856       831
       831       856       857       832
       832       857       858       833
       833       858       859       834
       834       859       860       835
       835       860       861       836
       836       861       862       837
       837       862       863       838
       838       863       864       839
       839       864       865       840
       840       865       866       841
       841       866       867       842
       842       867       868       843
       843       868       869       844
       844       869       870       845
       845       870       871       846
       846       871       872       847
       847       872       873       848
       848       873       874       849
       849       874       875       850
       851       876       877       852
       852       877       878       853
       853       878       879       854
       854       879       880       855
       855       880       881       856
       856       881       882       857
       857       882       883       858
       858       883       884       859
       859       884       885       860
       860       885       886       861
       861       886       887       862
       862       887       888       863
       863       888       889       864
       864       889       890       865
       865       890       891       866
       866       891       892       867
       867       892       893       868
       868       893       894       869
       869       894       895       870
       870       895       896       871
       871       896       897       872
       872       897       898       873
       873       898       899       874
       874       899       900       875
       876       901       902       877
       877       902       903       878
       878       903       904       879
       879       904       905       880
       880       905       906       881
       881       906       907       882
       882       907       908       883
       883       908       909       884
       884       909       910       885
       885       910       911       886
       886       911       912       887
       887       912       913       888
       888       913       914       889
       889       914       915       890
       890       915       916       891
       891       916       917       892
       892       917       918       893
       893       918       919       894
       894       919       920       895
       895       920       921       896
       896       921       922       897
       897       922       923       898
       898       923       924       899
       899       924       925       900
       901       926       927       902
       902       927       928       903
       903       928       929       904
       904       929       930       905
       905       930       931       906
       906       931       932       907
       907       932       933       908
       908       933       934       909
       909       934       935       910
       910       935       936       911
       911       936       937       912
       912       937       938       913
       913       938       939       914
       914       939       940       915
       915       940       941       916
       916       941       942       917
       917       942       943       918
       918       943       944       919
       919       944       945       920
       920       945       946       921
       921       946       947       922
       922       947       948       923
       923       948       949       924
       924       949       950       925
       926       951       952       927
       927       952       953       928
       928       953       954       929
       929       954       955       930
       930       955       956       931
       931       956       957       932
       932       957       958       933
       933       958       959       934
       934       959       960       935
       935       960       961       936
       936       961       962       937
       937       962       963       938
       938       963       964       939
       939       964       965       940
       940       965       966       941
       941       966       967       942
       942       967       968       943
       943       968       969       944
       944       969       970       945
       945       970       971       946
       946       971       972       947
       947       972       973       948
       948       973       974       949
       949       974       975       950
       951       976       977       952
       952       977       978       953
       953       978       979       954
       954       979       980       955
       955       980       981       956
       956       981       982       957
       957       982       983       958
       958       983       984       959
       959       984       985       960
       960       985       986       961
       961       986       987       962
       962       987       988       963
       963       988       989       964
       964       989       990       965
       965       990       991       966
       966       991       992       967
       967       992       993       968
       968       993       994       969
       969       994       995       970
       970       995       996       971
       971       996       997       972
       972       997       998       973
       973       998       999       974
       974       999      1000       975
       976      1001      1002       977
       977      1002      1003       978
       978      1003      1004       979
       979      1004      1005       980
       980      1005      1006       981
       981      1006      1007       982
       982      1007      1008       983
       983      1008      1009       984
       984      1009      1010       985
       985      1010      1011       986
       986      1011      1012       987
       987      1012      1013       988
       988      1013      1014       989
       989      1014      1015       990
       990      1015      1016       991
       991      1016      1017       992
       992      1017      1018       993
       993      1018      1019       994
       994      1019      1020       995
       995      1020      1021       996
       996      1021      1022       997
       997      1022      1023       998
       998      1023      1024       999
       999      1024      1025      1000
      1001      1026      1027      1002
      1002      1027      1028      1003
      1003      1028      1029      1004
      1004      1029      1030      1005
      1005      1030      1031      1006
      1006      1031      1032      1007
      1007      1032      1033      1008
      1008      1033      1034      1009
      1009      1034      1035      1010
      1010      1035      1036      1011
      1011      1036      1037      1012
      1012      1037      1038      1013
      1013      1038      1039      1014
      1014      1039      1040      1015
      1015      1040      1041      1016
      1016      1041      1042      1017
      1017      1042      1043      1018
      1018      1043      1044      1019
      1019      1044      1045      1020
      1020      1045      1046      1021
      1021      1046      1047      1022
      1022      1047      1048      1023
      1023      1048      1049      1024
      1024      1049      1050      1025
      1026      1051      1052      1027
      1027      1052      1053      1028
      1028      1053      1054      1029
      1029      1054      1055      1030
      1030      1055      1056      1031
      1031      1056      1057      1032
      1032      1057      1058      1033
      1033      1058      1059      1034
      1034      1059      1060      1035
      1035      1060      1061      1036
      1036      1061      1062      1037
      1037      1062      1063      1038
      1038      1063      1064      1039
      1039      1064      1065      1040
      1040      1065      1066      1041
      1041      1066      1067      1042
      1042      1067      1068      1043
      1043      1068      1069      1044
      1044      1069      1070      1045
      1045      1070      1071      1046
      1046      1071      1072      1047
      1047      1072      1073      1048
      1048      1073      1074      1049
      1049      1074      1075      1050
      1051      1076      1077      1052
      1052      1077      1078      1053
      1053      1078      1079      1054
      1054      1079      1080      1055
      1055      1080      1081      1056
      1056      1081      1082      1057
      1057      1082      1083      1058
      1058      1083      1084      1059
      1059      1084      1085      1060
      1060      1085      1086      1061
      1061      1086      1087      1062
      1062      1087      1088      1063
      1063      1088      1089      1064
      1064      1089      1090      1065
      1065      1090      1091      1066
      1066      1091      1092      1067
      1067      1092      1093      1068
      1068      1093      1094      1069
      1069      1094      1095      1070
      1070      1095      1096      1071
      1071      1096      1097      1072
      1072      1097      1098      1073
      1073      1098      1099      1074
      1074      1099      1100      1075
      1076      1101      1102      1077
      1077      1102      1103      1078
      1078      1103      1104      1079
      1079      1104      1105      1080
      1080      1105      1106      1081
      1081      1106      1107      1082
      1082      1107      1108      1083
      1083      1108      1109      1084
      1084      1109      1110      1085
      1085      1110      1111      1086
      1086      1111      1112      1087
      1087      1112      1113      1088
      1088      1113      1114      1089
      1089      1114      1115      1090
      1090      1115      1116      1091
      1091      1116      1117      1092
      1092      1117      1118      1093
      1093      1118      1119      1094
      1094      1119      1120      1095
      1095      1120      1121      1096
      1096      1121      1122      1097
      1097      1122      1123      1098
      1098      1123      1124      1099
      1099      1124      1125      1100
      1101      1126      1127      1102
      1102      1127      1128      1103
      1103      1128      1129      1104
      1104      1129      1130      1105
      1105      1130      1131      1106
      1106      1131      1132      1107
      1107      1132      1133      1108
      1108      1133      1134      1109
      1109      1134      1135      1110
      1110      1135      1136      1111
      1111      1136      1137      1112
      1112      1137      1138      1113
      1113      1138      1139      1114
      1114      1139      1140      1115
      1115      1140      1141      1116
      1116      1141      1142      1117
      1117      1142      1143      1118
      1118      1143      1144      1119
      1119      1144      1145      1120
      1120      1145      1146      1121
      1121      1146      1147      1122
      1122      1147      1148      1123
      1123      1148      1149      1124
      1124      1149      1150      1125
      1126      1151      1152      1127
      1127      1152      1153      1128
      1128      1153      1154      1129
      1129      1154      1155      1130
      1130      1155      1156      1131
      1131      1156      1157      1132
      1132      1157      1158      1133
      1133      1158      1159      1134
      1134      1159      1160      1135
      1135      1160      1161      1136
      1136      1161      1162      1137
      1137      1162      1163      1138
      1138      1163      1164      1139
      1139      1164      1165      1140
      1140      1165      1166      1141
      1141      1166      1167      1142
      1142      1167      1168      1143
      1143      1168      1169      1144
      1144      1169      1170      1145
      1145      1170      1171      1146
      1146      1171      1172      1147
      1147      1172      1173      1148
      1148      1173      1174      1149
      1149      1174      1175      1150
      1151      1176      1177      1152
      1152      1177      1178      1153
      1153      1178      1179      1154
      1154      1179      1180      1155
      1155      1180      1181      1156
      1156      1181      1182      1157
      1157      1182      1183      1158
      1158      1183      1184      1159
      1159      1184      1185      1160
      1160      1185      1186      1161
      1161      1186      1187      1162
      1162      1187      1188      1163
      1163      1188      1189      1164
      1164      1189      1190      1165
      1165      1190      1191      1166
      1166      1191      1192      1167
      1167      1192      1193      1168
      1168      1193      1194      1169
      1169      1194      1195      1170
      1170      1195      1196      1171
      1171      1196      1197      1172
      1172      1197      1198      1173
      1173      1198      1199      1174
      1174      1199      1200      1175
      1176      1201      1202      1177
      1177      1202      1203      1178
      1178      1203      1204      1179
      1179      1204      1205      1180
      1180      1205      1206      1181
      1181      1206      1207      1182
      1182      1207      1208      1183
      1183      1208      1209      1184
      1184      1209      1210      1185
      1185      1210      1211      1186
      1186      1211      1212      1187
      1187      1212      1213      1188
      1188      1213      1214      1189
      1189      1214      1215      1190
      1190      1215      1216      1191
      1191      1216      1217      1192
      1192      1217      1218      1193
      1193      1218      1219      1194
      1194      1219      1220      1195
      1195      1220      1221      1196
      1196      1221      1222      1197
      1197      1222      1223      1198
      1198      1223      1224      1199
      1199      1224      1225      1200
      1201      1226      1227      1202
      1202      1227      1228      1203
      1203      1228      1229      1204
      1204      1229      1230      1205
      1205      1230      1231      1206
      1206      1231      1232      1207
      1207      1232      1233      1208
      1208      1233      1234      1209
      1209      1234      1235      1210
      1210      1235      1236      1211
      1211      1236      1237      1212
      1212      1237      1238      1213
      1213      1238      1239      1214
      1214      1239      1240      1215
      1215      1240      1241      1216
      1216      1241      1242      1217
      1217      1242      1243      1218
      1218      1243      1244      1219
      1219      1244      1245      1220
      1220      1245      1246      1221
      1221      1246      1247      1222
      1222      1247      1248      1223
      1223      1248      1249      1224
      1224      1249      1250      1225
