scalar
part
         1
coordinates
 6.80367e+05
 6.80383e+05
 6.80383e+05
 0.00000e+00
 6.80383e+05
 0.00000e+00
 6.80383e+05
 0.00000e+00
 6.80383e+05
 0.00000e+00
 6.80383e+05
 0.00000e+00
 6.80383e+05
 0.00000e+00
 1.51075e-10
 6.80383e+05
 0.00000e+00
 6.80383e+05
 0.00000e+00
 6.80383e+05
 0.00000e+00
 6.80383e+05
 0.00000e+00
 6.80383e+05
 0.00000e+00
 6.80383e+05
 0.00000e+00
 6.80383e+05
 0.00000e+00
 6.80383e+05
 0.00000e+00
 6.80383e+05
 0.00000e+00
 6.80383e+05
 0.00000e+00
 6.80383e+05
 0.00000e+00
 6.80383e+05
 0.00000e+00
 6.80383e+05
 0.00000e+00
 0.00000e+00
 6.80383e+05
 0.00000e+00
 6.80383e+05
 0.00000e+00
 6.80383e+05
 0.00000e+00
 6.80383e+05
 0.00000e+00
 6.80383e+05
 6.70910e-26
 2.68357e-25
 6.80383e+05
 6.80383e+05
 0.00000e+00
 6.80383e+05
 7.55377e-11
 6.80383e+05
 0.00000e+00
 6.80383e+05
 0.00000e+00
 6.80383e+05
-1.51075e-10
 6.80383e+05
 0.00000e+00
 6.80383e+05
 6.80383e+05
 0.00000e+00
 1.81140e-24
 6.80383e+05
 3.40192e+05
 1.51075e-10
 0.00000e+00
 6.80383e+05
 6.80383e+05
 2.26613e-10
 6.80383e+05
 0.00000e+00
 6.80383e+05
 0.00000e+00
 6.80383e+05
 0.00000e+00
 6.80383e+05
 0.00000e+00
 6.80383e+05
 0.00000e+00
 6.80383e+05
 0.00000e+00
 6.80383e+05
 0.00000e+00
 6.80383e+05
 0.00000e+00
 6.80383e+05
-1.51075e-10
 6.80383e+05
 0.00000e+00
 6.80383e+05
 0.00000e+00
 6.80383e+05
 2.26613e-10
 6.80383e+05
 0.00000e+00
 6.80383e+05
 0.00000e+00
 6.80383e+05
 2.26794e+05
 0.00000e+00
 6.80383e+05
 6.80383e+05
-1.51075e-10
 6.80383e+05
 0.00000e+00
 6.80383e+05
 0.00000e+00
 3.40192e+05
-1.51075e-10
 6.80383e+05
 0.00000e+00
 7.55377e-11
 6.80383e+05
 0.00000e+00
 6.80383e+05
 0.00000e+00
 6.80383e+05
 0.00000e+00
 6.80383e+05
 0.00000e+00
 6.80383e+05
 6.80383e+05
 3.40192e+05
 6.80383e+05
 0.00000e+00
-3.35455e-26
 6.80383e+05
 3.28735e-24
-3.18672e-24
 3.40192e+05
-1.51075e-10
 6.80383e+05
 6.80383e+05
 0.00000e+00
 6.80383e+05
 3.40192e+05
-1.51075e-10
 6.80383e+05
 0.00000e+00
 6.80383e+05
 0.00000e+00
 1.70096e+05
-1.51075e-10
 6.80383e+05
 6.80383e+05
 0.00000e+00
 6.80383e+05
 0.00000e+00
 6.80383e+05
 0.00000e+00
 2.91593e+05
 0.00000e+00
 2.91593e+05
 0.00000e+00
 6.80383e+05
 6.80383e+05
 0.00000e+00
 6.80383e+05
 3.11963e-24
 6.80383e+05
 6.80383e+05
 0.00000e+00
 0.00000e+00
 6.80383e+05
 0.00000e+00
 6.80383e+05
 0.00000e+00
 6.80383e+05
-7.55377e-10
 0.00000e+00
 6.80383e+05
 6.80383e+05
 6.80367e+05
 6.80383e+05
 6.80383e+05
 6.80383e+05
 0.00000e+00
 6.80383e+05
-1.51075e-10
 6.80383e+05
 0.00000e+00
 6.80383e+05
 0.00000e+00
 6.80383e+05
 6.80383e+05
 0.00000e+00
 6.80383e+05
 0.00000e+00
 6.80383e+05
 6.80383e+05
 0.00000e+00
 6.80383e+05
 6.80383e+05
 6.80383e+05
 6.80383e+05
 0.00000e+00
 6.80383e+05
-1.51075e-10
-1.51075e-10
 6.80383e+05
 0.00000e+00
 6.80383e+05
 0.00000e+00
 6.80383e+05
 6.80383e+05
 6.80383e+05
 6.80383e+05
 6.80383e+05
 6.80383e+05
 0.00000e+00
 6.80383e+05
-1.51075e-10
 6.80383e+05
 0.00000e+00
 6.80383e+05
 0.00000e+00
 6.80383e+05
-1.51075e-10
 6.80383e+05
 0.00000e+00
 3.29154e+01
 3.29154e+01
 3.29154e+01
 3.29154e+01
 3.29154e+01
 3.29154e+01
 3.29154e+01
 3.29154e+01
 3.29154e+01
 3.29154e+01
 3.29154e+01
 3.29154e+01
 3.29154e+01
 3.29154e+01
 3.29154e+01
 3.29154e+01
 3.29154e+01
 3.29154e+01
 3.29154e+01
 3.29154e+01
 3.29154e+01
 3.40208e+05
 3.29154e+01
 3.29154e+01
 3.29154e+01
 3.29154e+01
 3.29154e+01
 3.29154e+01
 3.29154e+01
 3.40208e+05
 3.29154e+01
 3.29154e+01
 3.29154e+01
 3.40208e+05
 3.29154e+01
 3.29154e+01
 3.29154e+01
 3.29154e+01
 3.29154e+01
 3.29154e+01
 3.29154e+01
 3.29154e+01
 3.29154e+01
 3.29154e+01
 3.29154e+01
 3.29154e+01
 3.29154e+01
 3.29154e+01
 3.29154e+01
 3.29154e+01
 3.29154e+01
 3.29154e+01
 3.29154e+01
 3.29154e+01
 3.29154e+01
 3.29154e+01
 2.26816e+05
 3.29154e+01
 3.29154e+01
 3.29154e+01
 3.29154e+01
 3.40208e+05
 3.29154e+01
 3.29154e+01
 3.40208e+05
 3.29154e+01
 3.29154e+01
 4.53600e+05
 3.29154e+01
 3.40208e+05
 3.40208e+05
 3.29154e+01
 3.29154e+01
 3.40208e+05
 3.29154e+01
 3.29154e+01
 3.40208e+05
 3.29154e+01
 3.29154e+01
 3.29154e+01
 1.70120e+05
 3.29154e+01
 3.29154e+01
 3.29154e+01
 3.29154e+01
 2.91612e+05
 3.29154e+01
 2.91612e+05
 3.29154e+01
 3.29154e+01
 3.29154e+01
 3.29154e+01
 3.29154e+01
 3.29154e+01
 3.29154e+01
 3.29154e+01
 3.29154e+01
 3.29154e+01
 3.29154e+01
 3.29154e+01
 3.29154e+01
 3.29154e+01
 3.29154e+01
 3.29154e+01
 3.29154e+01
 3.29154e+01
 3.29154e+01
 3.29154e+01
 3.29154e+01
 3.29154e+01
 3.29154e+01
 3.29154e+01
 3.29154e+01
 3.29154e+01
 3.29154e+01
 3.29154e+01
 3.29154e+01
 3.29154e+01
 3.29154e+01
 3.29158e+01
 3.29158e+01
 3.29158e+01
 3.29158e+01
 3.29158e+01
 3.29158e+01
 3.29158e+01
 3.29158e+01
 3.29158e+01
 3.29158e+01
 3.29158e+01
 3.29158e+01
 3.29158e+01
 3.29158e+01
 3.29158e+01
 3.29158e+01
 3.29158e+01
 3.29158e+01
 3.29158e+01
 3.29158e+01
 3.29158e+01
 3.29158e+01
 3.29158e+01
 3.29158e+01
 3.29156e+01
 3.29158e+01
 3.29158e+01
 3.29158e+01
 3.29158e+01
 3.29158e+01
 3.29158e+01
 3.29158e+01
 3.29158e+01
 3.29158e+01
 3.29158e+01
 3.29158e+01
 3.29158e+01
 3.29158e+01
 3.29158e+01
 3.29158e+01
 3.29158e+01
 3.29158e+01
 3.29158e+01
 3.29158e+01
 3.29158e+01
 3.29158e+01
 3.29158e+01
 3.29158e+01
 3.29158e+01
 3.29158e+01
 3.29158e+01
 3.29158e+01
 3.29158e+01
 3.29158e+01
 3.29158e+01
 3.29158e+01
 3.29158e+01
 3.29158e+01
 3.29158e+01
 3.29158e+01
 3.29158e+01
 3.29158e+01
 3.29158e+01
 3.29158e+01
 3.29158e+01
 3.29158e+01
 3.29158e+01
 3.29158e+01
 3.29156e+01
 3.29158e+01
 3.29158e+01
 3.29158e+01
 3.29158e+01
 3.29158e+01
 3.29158e+01
 3.29158e+01
 3.29158e+01
 3.29158e+01
 3.29158e+01
 3.29158e+01
 3.29158e+01
 3.29158e+01
 3.29158e+01
 3.29158e+01
 3.29158e+01
 3.29158e+01
 3.29158e+01
 3.29158e+01
 3.29158e+01
 3.29158e+01
 3.29158e+01
 3.29158e+01
 3.29158e+01
 3.29158e+01
 3.29158e+01
 3.29158e+01
 3.29158e+01
 3.29158e+01
 3.29158e+01
 3.29158e+01
 3.29158e+01
 3.29158e+01
 3.29158e+01
 3.29158e+01
 3.29158e+01
 3.29158e+01
 3.29158e+01
 3.29158e+01
 3.29162e+01
 3.29162e+01
 3.29162e+01
 3.29162e+01
 3.29162e+01
 3.29162e+01
 3.29162e+01
 3.29162e+01
 3.29162e+01
 3.29162e+01
 3.29162e+01
 3.29162e+01
 3.29162e+01
 3.29162e+01
 3.29162e+01
 3.29162e+01
 3.29162e+01
 3.29162e+01
 3.29162e+01
 3.29162e+01
 3.29160e+01
 3.29162e+01
 3.29162e+01
 3.29162e+01
 3.29162e+01
 3.29162e+01
 3.29162e+01
 3.29162e+01
 3.29162e+01
 3.29162e+01
 3.29160e+01
 3.29162e+01
 3.29162e+01
 3.29162e+01
 3.29162e+01
 3.29162e+01
 3.29162e+01
 3.29162e+01
 3.29162e+01
 3.29162e+01
 3.29162e+01
 3.29162e+01
 3.29162e+01
 3.29162e+01
 3.29162e+01
 3.29162e+01
 3.29162e+01
 3.29162e+01
 3.29162e+01
 3.29162e+01
 3.29162e+01
 3.29162e+01
 3.29162e+01
 3.29162e+01
 3.29162e+01
 3.29160e+01
 3.29162e+01
 3.29162e+01
 3.29162e+01
 3.29162e+01
 3.29160e+01
 3.29162e+01
 3.29162e+01
 3.29162e+01
 3.29162e+01
 3.29162e+01
 3.29162e+01
 3.29159e+01
 3.29162e+01
 3.29162e+01
 3.29162e+01
 3.29162e+01
 3.29162e+01
 3.29162e+01
 3.29162e+01
 3.29162e+01
 3.29162e+01
 3.29162e+01
 3.29162e+01
 3.29162e+01
 3.29162e+01
 3.29162e+01
 3.29162e+01
 3.29162e+01
 3.29162e+01
 3.29162e+01
 3.29162e+01
 3.29162e+01
 3.29162e+01
 3.29162e+01
 3.29162e+01
 3.29162e+01
 3.29162e+01
 3.29162e+01
 3.29162e+01
 3.29162e+01
 3.29162e+01
 3.29162e+01
 3.29162e+01
 3.29162e+01
 3.29162e+01
 3.29162e+01
 3.29162e+01
 3.29162e+01
 3.29162e+01
 3.29162e+01
 3.29162e+01
 3.29162e+01
 3.29162e+01
 3.29164e+01
 3.29164e+01
 3.29164e+01
 3.29164e+01
 3.29164e+01
 3.29164e+01
 3.29164e+01
 3.29164e+01
 3.29164e+01
 3.29164e+01
 3.29164e+01
 3.29164e+01
 3.29164e+01
 3.29164e+01
 3.29164e+01
 3.29164e+01
 3.29164e+01
 3.29164e+01
 3.29163e+01
 3.29164e+01
 3.29164e+01
 3.29164e+01
 3.29164e+01
 3.29164e+01
 3.29164e+01
 3.29164e+01
 3.29164e+01
 3.29164e+01
 3.29164e+01
 3.29164e+01
 3.29163e+01
 3.29164e+01
 3.29164e+01
 3.29164e+01
 3.29164e+01
 3.29164e+01
 3.29164e+01
 3.29164e+01
 3.29164e+01
 3.29164e+01
 3.29164e+01
 3.29164e+01
 3.29164e+01
 3.29164e+01
 3.29164e+01
 3.29164e+01
 3.29164e+01
 3.29164e+01
 3.29164e+01
 3.29164e+01
 3.29164e+01
 3.29164e+01
 3.29164e+01
 3.29164e+01
 3.29164e+01
 3.29164e+01
 3.29164e+01
 3.29164e+01
 3.29164e+01
 3.29164e+01
 3.29164e+01
 3.29164e+01
 3.29164e+01
 3.29163e+01
 3.29164e+01
 3.29164e+01
 3.29164e+01
 3.29163e+01
 3.29164e+01
 3.29163e+01
 3.29164e+01
 3.29164e+01
 3.29164e+01
 3.29163e+01
 3.29164e+01
 3.29164e+01
 3.29164e+01
 3.29164e+01
 3.29164e+01
 3.29164e+01
 3.29164e+01
 3.29164e+01
 3.29164e+01
 3.29164e+01
 3.29164e+01
 3.29164e+01
 3.29164e+01
 3.29164e+01
 3.29164e+01
 3.29164e+01
 3.29164e+01
 3.29164e+01
 3.29164e+01
 3.29164e+01
 3.29164e+01
 3.29164e+01
 3.29164e+01
 3.29164e+01
 3.29164e+01
 3.29164e+01
 3.29164e+01
 3.29164e+01
 3.29164e+01
 3.29164e+01
 3.29164e+01
 3.29164e+01
 3.29164e+01
 3.29164e+01
 3.29164e+01
 3.29164e+01
 3.29164e+01
 3.29164e+01
 3.29164e+01
 3.29164e+01
 3.29164e+01
 3.29164e+01
 3.29164e+01
 3.29164e+01
 3.29164e+01
 3.29164e+01
 3.29165e+01
 3.29165e+01
 3.29165e+01
 3.29165e+01
 3.29165e+01
 3.29165e+01
 3.29165e+01
 3.29165e+01
 3.29165e+01
 3.29165e+01
 3.29165e+01
 3.29165e+01
 3.29165e+01
 3.29165e+01
 3.29165e+01
 3.29165e+01
 3.29165e+01
 3.29165e+01
 3.29165e+01
 3.29165e+01
 3.29165e+01
 3.29165e+01
 3.29165e+01
 3.29165e+01
 3.29165e+01
 3.29165e+01
 3.29165e+01
 3.29165e+01
 3.29165e+01
 3.29164e+01
 3.29165e+01
 3.29165e+01
 3.29165e+01
 3.29165e+01
 3.29165e+01
 3.29165e+01
 3.29165e+01
 3.29165e+01
 3.29165e+01
 3.29165e+01
 3.29164e+01
 3.29165e+01
 3.29165e+01
 3.29165e+01
 3.29165e+01
 3.29165e+01
 3.29165e+01
 3.29165e+01
 3.29165e+01
 3.29165e+01
 3.29165e+01
 3.29165e+01
 3.29165e+01
 3.29165e+01
 3.29165e+01
 3.29165e+01
 3.29165e+01
 3.29165e+01
 3.29165e+01
 3.29165e+01
 3.29165e+01
 3.29165e+01
 3.29164e+01
 3.29165e+01
 3.29165e+01
 3.29165e+01
 3.29165e+01
 3.29165e+01
 3.29165e+01
 3.29164e+01
 3.29164e+01
 3.29165e+01
 3.29165e+01
 3.29165e+01
 3.29164e+01
 3.29165e+01
 3.29165e+01
 3.29165e+01
 3.29165e+01
 3.29165e+01
 3.29165e+01
 3.29165e+01
 3.29165e+01
 3.29165e+01
 3.29165e+01
 3.29165e+01
 3.29165e+01
 3.29165e+01
 3.29165e+01
 3.29165e+01
 3.29165e+01
 3.29165e+01
 3.29165e+01
 3.29165e+01
 3.29165e+01
 3.29165e+01
 3.29165e+01
 3.29165e+01
 3.29165e+01
 3.29165e+01
 3.29165e+01
 3.29165e+01
 3.29165e+01
 3.29165e+01
 3.29165e+01
 3.29165e+01
 3.29165e+01
 3.29165e+01
 3.29165e+01
 3.29165e+01
 3.29165e+01
 3.29165e+01
 3.29165e+01
 3.29164e+01
 3.29164e+01
 3.29164e+01
 3.29164e+01
 3.29164e+01
 3.29164e+01
 3.29164e+01
 3.29164e+01
 3.29164e+01
 3.29164e+01
 3.29164e+01
 3.29164e+01
 3.29164e+01
 3.29164e+01
 3.29164e+01
 3.29164e+01
 3.29164e+01
 3.29164e+01
 3.29164e+01
 3.29164e+01
 3.29164e+01
 3.29164e+01
 3.29164e+01
 3.29164e+01
 3.29164e+01
 3.29164e+01
 3.29164e+01
 3.29164e+01
 3.29164e+01
 3.29164e+01
 3.29164e+01
 3.29164e+01
 3.29164e+01
 3.29164e+01
 3.29164e+01
 3.29164e+01
 3.29164e+01
 3.29164e+01
 3.29164e+01
 3.29164e+01
 3.29164e+01
 3.29164e+01
 3.29164e+01
 3.29164e+01
 3.29164e+01
 3.29164e+01
 3.29164e+01
 3.29164e+01
 3.29164e+01
 3.29164e+01
 3.29164e+01
 3.29164e+01
 3.29164e+01
 3.29164e+01
 3.29164e+01
 3.29164e+01
 3.29164e+01
 3.29164e+01
 3.29164e+01
 3.29164e+01
 3.29164e+01
 3.29164e+01
 3.29164e+01
 3.29164e+01
 3.29164e+01
 3.29164e+01
 3.29164e+01
 3.29164e+01
 3.29164e+01
 3.29164e+01
 3.29164e+01
 3.29164e+01
 3.29164e+01
 3.29164e+01
 3.29164e+01
 3.29164e+01
 3.29164e+01
 3.29164e+01
 3.29164e+01
 3.29165e+01
 3.29164e+01
 3.29164e+01
 3.29164e+01
 3.29164e+01
 3.29164e+01
 3.29164e+01
 3.29164e+01
 3.29164e+01
 3.29164e+01
 3.29164e+01
 3.29164e+01
 3.29164e+01
 3.29164e+01
 3.29164e+01
 3.29164e+01
 3.29164e+01
 3.29164e+01
 3.29164e+01
 3.29164e+01
 3.29164e+01
 3.29164e+01
 3.29164e+01
 3.29164e+01
 3.29164e+01
 3.29164e+01
 3.29164e+01
 3.29164e+01
 3.29164e+01
 3.29162e+01
 3.29162e+01
 3.29162e+01
 3.29162e+01
 3.29162e+01
 3.29162e+01
 3.29162e+01
 3.29162e+01
 3.29162e+01
 3.29162e+01
 3.29162e+01
 3.29162e+01
 3.29162e+01
 3.29162e+01
 3.29162e+01
 3.29162e+01
 3.29162e+01
 3.29162e+01
 3.29162e+01
 3.29162e+01
 3.29162e+01
 3.29162e+01
 3.29163e+01
 3.29162e+01
 3.29162e+01
 3.29162e+01
 3.29162e+01
 3.29162e+01
 3.29162e+01
 3.29162e+01
 3.29162e+01
 3.29162e+01
 3.29162e+01
 3.29162e+01
 3.29162e+01
 3.29162e+01
 3.29162e+01
 3.29162e+01
 3.29162e+01
 3.29162e+01
 3.29162e+01
 3.29162e+01
 3.29162e+01
 3.29162e+01
 3.29162e+01
 3.29162e+01
 3.29162e+01
 3.29162e+01
 3.29162e+01
 3.29162e+01
 3.29162e+01
 3.29162e+01
 3.29162e+01
 3.29162e+01
 3.29162e+01
 3.29162e+01
 3.29162e+01
 3.29162e+01
 3.29162e+01
 3.29162e+01
 3.29162e+01
 3.29162e+01
 3.29162e+01
 3.29162e+01
 3.29162e+01
 3.29162e+01
 3.29162e+01
 3.29162e+01
 3.29162e+01
 3.29162e+01
 3.29162e+01
 3.29162e+01
 3.29162e+01
 3.29162e+01
 3.29162e+01
 3.29162e+01
 3.29162e+01
 3.29162e+01
 3.29162e+01
 3.29162e+01
 3.29162e+01
 3.29162e+01
 3.29162e+01
 3.29162e+01
 3.29162e+01
 3.29162e+01
 3.29162e+01
 3.29162e+01
 3.29162e+01
 3.29162e+01
 3.29162e+01
 3.29162e+01
 3.29162e+01
 3.29162e+01
 3.29162e+01
 3.29162e+01
 3.29162e+01
 3.29162e+01
 3.29162e+01
 3.29162e+01
 3.29162e+01
 3.29162e+01
 3.29162e+01
 3.29162e+01
 3.29162e+01
 3.29158e+01
 3.29158e+01
 3.29158e+01
 3.29158e+01
 3.29158e+01
 3.29158e+01
 3.29158e+01
 3.29158e+01
 3.29158e+01
 3.29158e+01
 3.29158e+01
 3.29158e+01
 3.29158e+01
 3.29158e+01
 3.29158e+01
 3.29158e+01
 3.29158e+01
 3.29158e+01
 3.29158e+01
 3.29158e+01
 3.29158e+01
 3.29158e+01
 3.29158e+01
 3.29158e+01
 3.29160e+01
 3.29158e+01
 3.29158e+01
 3.29158e+01
 3.29158e+01
 3.29158e+01
 3.29158e+01
 3.29158e+01
 3.29158e+01
 3.29158e+01
 3.29158e+01
 3.29158e+01
 3.29158e+01
 3.29158e+01
 3.29158e+01
 3.29158e+01
 3.29158e+01
 3.29158e+01
 3.29158e+01
 3.29158e+01
 3.29158e+01
 3.29158e+01
 3.29158e+01
 3.29158e+01
 3.29158e+01
 3.29158e+01
 3.29158e+01
 3.29158e+01
 3.29158e+01
 3.29158e+01
 3.29158e+01
 3.29158e+01
 3.29158e+01
 3.29158e+01
 3.29158e+01
 3.29158e+01
 3.29158e+01
 3.29158e+01
 3.29158e+01
 3.29158e+01
 3.29158e+01
 3.29158e+01
 3.29158e+01
 3.29158e+01
 3.29158e+01
 3.29158e+01
 3.29158e+01
 3.29158e+01
 3.29158e+01
 3.29158e+01
 3.29158e+01
 3.29158e+01
 3.29158e+01
 3.29158e+01
 3.29158e+01
 3.29158e+01
 3.29158e+01
 3.29160e+01
 3.29158e+01
 3.29158e+01
 3.29158e+01
 3.29158e+01
 3.29158e+01
 3.29158e+01
 3.29158e+01
 3.29158e+01
 3.29158e+01
 3.29158e+01
 3.29158e+01
 3.29158e+01
 3.29158e+01
 3.29158e+01
 3.29158e+01
 3.29158e+01
 3.29158e+01
 3.29158e+01
 3.29158e+01
 3.29158e+01
 3.29158e+01
 3.29158e+01
 3.29158e+01
 3.29158e+01
 3.29158e+01
 3.29158e+01
 3.29154e+01
 3.29154e+01
 3.29154e+01
 3.29154e+01
 3.29154e+01
 3.29154e+01
 3.29154e+01
 3.29154e+01
 3.29154e+01
 3.29154e+01
 3.29154e+01
 3.29154e+01
 3.29154e+01
 3.29154e+01
 3.29154e+01
 3.29154e+01
 3.29154e+01
 3.29154e+01
 3.29154e+01
 3.29154e+01
 3.29154e+01
 3.29154e+01
 3.29154e+01
 3.29154e+01
 3.29154e+01
 3.29154e+01
 3.29154e+01
 3.29154e+01
 3.29154e+01
 3.29154e+01
 3.29154e+01
 3.29154e+01
 3.29154e+01
 3.29154e+01
 3.29154e+01
 3.29154e+01
 3.29154e+01
 3.29154e+01
 3.29154e+01
 3.29154e+01
 3.29154e+01
 3.29154e+01
 3.29154e+01
 3.29154e+01
 3.29154e+01
 3.29154e+01
 3.29154e+01
 3.29154e+01
 3.29154e+01
 3.29154e+01
 3.29154e+01
 3.29154e+01
 3.29154e+01
 3.29154e+01
 3.29154e+01
 3.29154e+01
 3.29154e+01
 3.29154e+01
 3.29154e+01
 3.29154e+01
 3.29154e+01
 3.29154e+01
 3.29154e+01
 3.29154e+01
 3.29154e+01
 3.29154e+01
 3.29154e+01
 3.29154e+01
 3.29154e+01
 3.29154e+01
 3.29154e+01
 3.29154e+01
 3.29154e+01
 3.29154e+01
 3.29154e+01
 3.29157e+01
 3.29154e+01
 3.29154e+01
 3.29154e+01
 3.29154e+01
 3.29154e+01
 3.29154e+01
 3.29154e+01
 3.29154e+01
 3.29154e+01
 3.29154e+01
 3.29154e+01
 3.29154e+01
 3.29154e+01
 3.29154e+01
 3.29154e+01
 3.29154e+01
 3.29154e+01
 3.29154e+01
 3.29154e+01
 3.29154e+01
 3.29154e+01
 3.29154e+01
 3.29154e+01
 3.29154e+01
 3.29154e+01
 3.29154e+01
 3.29154e+01
 3.29154e+01
 3.29154e+01
 3.29154e+01
 3.29154e+01
 3.29154e+01
 3.29154e+01
 6.80383e+05
 6.80383e+05
 6.80383e+05
 6.80383e+05
 6.80383e+05
 6.80383e+05
 6.80383e+05
 6.80383e+05
 6.80383e+05
 6.80383e+05
 6.80383e+05
 6.80383e+05
 6.80383e+05
 6.80383e+05
 6.80383e+05
 6.80383e+05
 6.80383e+05
 6.80383e+05
 6.80383e+05
 6.80383e+05
 6.80383e+05
 6.80383e+05
 6.80383e+05
 6.80383e+05
 6.80383e+05
 6.80383e+05
 6.80383e+05
 6.80383e+05
 6.80383e+05
 6.80383e+05
 6.80383e+05
 6.80383e+05
 6.80383e+05
 6.80383e+05
 6.80383e+05
 6.80383e+05
 6.80383e+05
 6.80383e+05
 3.40208e+05
 6.80383e+05
 6.80383e+05
 6.80383e+05
 6.80383e+05
 6.80383e+05
 6.80383e+05
 6.80383e+05
 6.80383e+05
 6.80383e+05
 6.80383e+05
 6.80383e+05
 6.80383e+05
 6.80383e+05
 6.80383e+05
 6.80383e+05
 6.80383e+05
 6.80383e+05
 6.80383e+05
 6.80383e+05
 6.80383e+05
 6.80383e+05
 6.80383e+05
 6.80383e+05
 6.80383e+05
 6.80383e+05
 6.80383e+05
 3.40208e+05
 6.80383e+05
 6.80383e+05
 6.80383e+05
 6.80383e+05
 6.80383e+05
 6.80383e+05
 6.80383e+05
 5.10296e+05
 6.80383e+05
 6.80383e+05
 6.80383e+05
 6.80383e+05
 6.80383e+05
 6.80383e+05
 6.80383e+05
 6.80383e+05
 6.80383e+05
 6.80383e+05
 6.80383e+05
 6.80383e+05
 6.80383e+05
 6.80383e+05
 6.80383e+05
 6.80383e+05
 6.80383e+05
 6.80383e+05
 6.80383e+05
 6.80383e+05
 6.80383e+05
 6.80383e+05
 6.80383e+05
 6.80383e+05
 6.80383e+05
 6.80383e+05
 6.80383e+05
 6.80383e+05
 6.80383e+05
 6.80383e+05
 6.80383e+05
 6.80383e+05
 6.80383e+05
 6.80367e+05
 0.00000e+00
 0.00000e+00
 0.00000e+00
 0.00000e+00
 0.00000e+00
 0.00000e+00
 0.00000e+00
 0.00000e+00
 0.00000e+00
 0.00000e+00
 0.00000e+00
 0.00000e+00
 0.00000e+00
 0.00000e+00
 0.00000e+00
 0.00000e+00
 0.00000e+00
 0.00000e+00
 0.00000e+00
 0.00000e+00
 0.00000e+00
 0.00000e+00
 0.00000e+00
 0.00000e+00
 0.00000e+00
 6.70910e-26
 3.35448e-25
 0.00000e+00
 0.00000e+00
 0.00000e+00
 0.00000e+00
 0.00000e+00
 0.00000e+00
 0.00000e+00
 0.00000e+00
 1.61013e-24
 0.00000e+00
 0.00000e+00
 3.40192e+05
-2.68357e-25
 0.00000e+00
 0.00000e+00
 0.00000e+00
 0.00000e+00
 0.00000e+00
 0.00000e+00
 0.00000e+00
 0.00000e+00
 0.00000e+00
 0.00000e+00
 0.00000e+00
 0.00000e+00
 0.00000e+00
 0.00000e+00
 0.00000e+00
 0.00000e+00
 0.00000e+00
 0.00000e+00
 0.00000e+00
 0.00000e+00
 0.00000e+00
 0.00000e+00
 0.00000e+00
 0.00000e+00
 0.00000e+00
 0.00000e+00
 1.00633e-25
 0.00000e+00
 3.40192e+05
 3.18672e-24
-3.15317e-24
 0.00000e+00
 0.00000e+00
 0.00000e+00
 0.00000e+00
 0.00000e+00
 0.00000e+00
 0.00000e+00
 0.00000e+00
 0.00000e+00
 0.00000e+00
 0.00000e+00
 0.00000e+00
 3.25381e-24
 0.00000e+00
 0.00000e+00
 0.00000e+00
 0.00000e+00
 1.47596e-24
 0.00000e+00
 6.80367e+05
 0.00000e+00
 0.00000e+00
 0.00000e+00
 0.00000e+00
 0.00000e+00
 0.00000e+00
 0.00000e+00
 0.00000e+00
 0.00000e+00
 0.00000e+00
 0.00000e+00
 0.00000e+00
 0.00000e+00
 0.00000e+00
 0.00000e+00
 0.00000e+00
