scalar
part
         1
coordinates
 1.14510e+05
 2.25715e+05
 2.25715e+05
 2.50594e-11
 2.25715e+05
 2.50594e-11
 2.25715e+05
 2.50594e-11
 0.00000e+00
 2.25715e+05
 2.50594e-11
 2.25715e+05
 2.50594e-11
 2.25715e+05
 2.50594e-11
 3.23117e-27
 2.25715e+05
 2.50594e-11
 2.25715e+05
 0.00000e+00
 0.00000e+00
 2.25715e+05
 2.50594e-11
 2.25715e+05
 0.00000e+00
 2.25715e+05
 2.50594e-11
 2.25715e+05
 0.00000e+00
 2.25715e+05
 2.25715e+05
 2.50594e-11
-2.57725e-26
 2.25715e+05
 2.50594e-11
 2.25715e+05
 2.50594e-11
 2.25715e+05
-2.00453e-26
 2.25715e+05
 2.25715e+05
 2.25715e+05
 2.25715e+05
 2.50594e-11
 2.25715e+05
 2.50594e-11
 2.25715e+05
 2.50594e-11
 2.25715e+05
 2.50594e-11
 2.25715e+05
 0.00000e+00
 2.25715e+05
 1.14510e+05
 2.25715e+05
 2.25715e+05
 2.25715e+05
 2.25715e+05
 2.25715e+05
 2.25715e+05
 2.25715e+05
 2.25715e+05
 2.25715e+05
 2.25715e+05
 2.25715e+05
 2.25715e+05
 2.25715e+05
 2.25715e+05
 2.25715e+05
 2.25715e+05
 2.25715e+05
 2.25715e+05
 2.25715e+05
 2.25715e+05
 2.25715e+05
 2.25715e+05
 2.25715e+05
 2.25715e+05
 2.25715e+05
 2.25715e+05
 2.25715e+05
 2.25715e+05
 1.14510e+05
 0.00000e+00
 0.00000e+00
 0.00000e+00
 0.00000e+00
 0.00000e+00
 0.00000e+00
 0.00000e+00
 0.00000e+00
 0.00000e+00
 0.00000e+00
 0.00000e+00
 0.00000e+00
 0.00000e+00
 0.00000e+00
 0.00000e+00
 0.00000e+00
-2.57725e-26
 0.00000e+00
 0.00000e+00
 0.00000e+00
-1.72632e-26
 0.00000e+00
 0.00000e+00
 0.00000e+00
 0.00000e+00
 1.14510e+05
