scalar
part
         1
coordinates
 3.40198e+05
 3.40211e+05
 3.40211e+05
 0.00000e+00
 3.40211e+05
 0.00000e+00
 3.40211e+05
 0.00000e+00
 3.40211e+05
 0.00000e+00
 3.40211e+05
 0.00000e+00
 3.40211e+05
 0.00000e+00
 3.40211e+05
 0.00000e+00
 3.77710e-11
 3.40211e+05
 0.00000e+00
 3.40211e+05
 0.00000e+00
 3.40211e+05
 0.00000e+00
 3.40211e+05
 0.00000e+00
 3.40211e+05
 3.40211e+05
 0.00000e+00
 3.40211e+05
 3.77710e-11
 3.40211e+05
-7.55421e-11
 3.40211e+05
-7.55421e-11
 3.40211e+05
-7.55421e-11
 0.00000e+00
 3.40211e+05
 3.77710e-11
 3.40211e+05
 0.00000e+00
 3.40211e+05
 0.00000e+00
 3.40211e+05
 0.00000e+00
 3.40211e+05
 0.00000e+00
 3.40211e+05
 0.00000e+00
 3.40211e+05
 0.00000e+00
 3.40211e+05
 0.00000e+00
 3.40211e+05
 0.00000e+00
 3.40211e+05
-7.55421e-11
 3.40211e+05
-7.55421e-11
 3.40211e+05
 0.00000e+00
 3.40211e+05
-7.55421e-11
 3.40211e+05
 3.40211e+05
 0.00000e+00
 0.00000e+00
 3.40211e+05
 0.00000e+00
 3.40211e+05
 0.00000e+00
 3.40211e+05
 0.00000e+00
 3.40211e+05
 0.00000e+00
 3.40211e+05
 0.00000e+00
 3.40211e+05
 3.77389e-25
 3.40211e+05
 3.40211e+05
 0.00000e+00
-6.28982e-25
 3.40211e+05
-1.88855e-10
 3.40211e+05
 3.40211e+05
 0.00000e+00
 3.40211e+05
 3.40211e+05
 0.00000e+00
 3.40211e+05
-7.55421e-11
 3.40211e+05
 0.00000e+00
 3.40211e+05
 0.00000e+00
 3.40211e+05
 0.00000e+00
 3.40211e+05
 0.00000e+00
 3.40211e+05
 0.00000e+00
 3.40211e+05
 0.00000e+00
 3.40211e+05
 0.00000e+00
 3.40211e+05
 3.40198e+05
 2.64598e+01
 2.64598e+01
 2.64598e+01
 2.64598e+01
 2.64598e+01
 2.64598e+01
 2.64598e+01
 2.64598e+01
 2.64598e+01
 2.64598e+01
 2.64598e+01
 2.64598e+01
 2.64598e+01
 2.64598e+01
 2.64598e+01
 2.64598e+01
 2.64598e+01
 2.64598e+01
 2.64598e+01
 2.64598e+01
 2.64598e+01
 2.64598e+01
 2.64598e+01
 2.64598e+01
 2.64598e+01
 2.64598e+01
 2.64598e+01
 2.64598e+01
 2.64598e+01
 2.64598e+01
 2.64598e+01
 2.64598e+01
 2.64598e+01
 2.64598e+01
 2.64598e+01
 2.64598e+01
 2.64598e+01
 2.64598e+01
 2.64598e+01
 2.64598e+01
 2.64598e+01
 2.64598e+01
 2.64598e+01
 2.64598e+01
 2.64598e+01
 2.64598e+01
 2.64598e+01
 2.64598e+01
 2.64598e+01
 2.64598e+01
 2.64598e+01
 2.64598e+01
 2.64598e+01
 2.64598e+01
 2.64599e+01
 2.64599e+01
 2.64599e+01
 2.64599e+01
 2.64599e+01
 2.64599e+01
 2.64599e+01
 2.64599e+01
 2.64599e+01
 2.64599e+01
 2.64599e+01
 2.64599e+01
 2.64599e+01
 2.64599e+01
 2.64599e+01
 2.64599e+01
 2.64599e+01
 2.64599e+01
 2.64599e+01
 2.64599e+01
 2.64599e+01
 2.64599e+01
 2.64599e+01
 2.64599e+01
 2.64599e+01
 2.64599e+01
 2.64599e+01
 2.64599e+01
 2.64599e+01
 2.64599e+01
 2.64599e+01
 2.64599e+01
 2.64599e+01
 2.64599e+01
 2.64599e+01
 2.64599e+01
 2.64599e+01
 2.64599e+01
 2.64599e+01
 2.64599e+01
 2.64599e+01
 2.64599e+01
 2.64599e+01
 2.64599e+01
 2.64599e+01
 2.64599e+01
 2.64599e+01
 2.64599e+01
 2.64599e+01
 2.64599e+01
 2.64599e+01
 2.64599e+01
 2.64599e+01
 2.64599e+01
 2.64598e+01
 2.64598e+01
 2.64598e+01
 2.64598e+01
 2.64598e+01
 2.64598e+01
 2.64598e+01
 2.64598e+01
 2.64598e+01
 2.64598e+01
 2.64598e+01
 2.64598e+01
 2.64598e+01
 2.64598e+01
 2.64598e+01
 2.64598e+01
 2.64598e+01
 2.64598e+01
 2.64598e+01
 2.64598e+01
 2.64598e+01
 2.64598e+01
 2.64598e+01
 2.64598e+01
 2.64598e+01
 2.64598e+01
 2.64598e+01
 2.64598e+01
 2.64598e+01
 2.64598e+01
 2.64598e+01
 2.64598e+01
 2.64598e+01
 2.64598e+01
 2.64598e+01
 2.64598e+01
 2.64598e+01
 2.64598e+01
 2.64598e+01
 2.64598e+01
 2.64598e+01
 2.64598e+01
 2.64598e+01
 2.64598e+01
 2.64598e+01
 2.64598e+01
 2.64598e+01
 2.64598e+01
 2.64598e+01
 2.64598e+01
 2.64598e+01
 2.64598e+01
 3.40211e+05
 3.40211e+05
 3.40211e+05
 3.40211e+05
 3.40211e+05
 3.40211e+05
 3.40211e+05
 3.40211e+05
 3.40211e+05
 3.40211e+05
 3.40211e+05
 3.40211e+05
 3.40211e+05
 3.40211e+05
 3.40211e+05
 3.40211e+05
 3.40211e+05
 3.40211e+05
 3.40211e+05
 3.40211e+05
 3.40211e+05
 3.40211e+05
 3.40211e+05
 3.40211e+05
 3.40211e+05
 3.40211e+05
 3.40211e+05
 3.40211e+05
 3.40211e+05
 3.40211e+05
 3.40211e+05
 3.40211e+05
 3.40211e+05
 3.40211e+05
 3.40211e+05
 3.40211e+05
 3.40211e+05
 3.40211e+05
 3.40211e+05
 3.40211e+05
 3.40211e+05
 3.40211e+05
 3.40211e+05
 3.40211e+05
 3.40211e+05
 3.40211e+05
 3.40211e+05
 3.40211e+05
 3.40211e+05
 3.40211e+05
 3.40211e+05
 3.40211e+05
 3.40211e+05
 3.40211e+05
 3.40198e+05
 0.00000e+00
 0.00000e+00
 0.00000e+00
 0.00000e+00
 0.00000e+00
 0.00000e+00
 0.00000e+00
 0.00000e+00
 0.00000e+00
 0.00000e+00
 0.00000e+00
 0.00000e+00
 0.00000e+00
 0.00000e+00
 0.00000e+00
 0.00000e+00
 0.00000e+00
 5.03185e-26
 0.00000e+00
 0.00000e+00
 0.00000e+00
 0.00000e+00
 0.00000e+00
 0.00000e+00
 0.00000e+00
 0.00000e+00
 0.00000e+00
 0.00000e+00
 0.00000e+00
 0.00000e+00
 0.00000e+00
 0.00000e+00
 8.38686e-27
 0.00000e+00
 0.00000e+00
 0.00000e+00
 0.00000e+00
 0.00000e+00
 0.00000e+00
 3.77389e-25
-6.28982e-25
 0.00000e+00
-3.01911e-25
 0.00000e+00
 0.00000e+00
 0.00000e+00
 0.00000e+00
 0.00000e+00
 0.00000e+00
 0.00000e+00
 0.00000e+00
 0.00000e+00
 3.40198e+05
