scalar
part
         1
coordinates
 6.38427e+05
 6.46709e+05
 6.46709e+05
 0.00000e+00
 6.46709e+05
 0.00000e+00
 6.46709e+05
 0.00000e+00
 6.46709e+05
 0.00000e+00
 6.46709e+05
 0.00000e+00
 6.46709e+05
 0.00000e+00
 1.43598e-10
 6.46709e+05
 0.00000e+00
 6.46709e+05
 0.00000e+00
 6.46709e+05
 0.00000e+00
 6.46709e+05
 0.00000e+00
 6.46709e+05
 0.00000e+00
 6.46709e+05
 0.00000e+00
 6.46709e+05
 0.00000e+00
 6.46709e+05
 0.00000e+00
 6.46709e+05
 0.00000e+00
 6.46709e+05
 0.00000e+00
 6.46709e+05
 0.00000e+00
 6.46709e+05
 0.00000e+00
 6.46709e+05
 0.00000e+00
 0.00000e+00
 6.46709e+05
 0.00000e+00
 6.46709e+05
 0.00000e+00
 6.46709e+05
 0.00000e+00
 6.46709e+05
 0.00000e+00
 6.46709e+05
 6.37704e-26
 2.51815e-25
 6.46709e+05
 6.46709e+05
 0.00000e+00
 6.46709e+05
 7.17991e-11
 6.46709e+05
 0.00000e+00
 6.46709e+05
 0.00000e+00
 6.46709e+05
-1.43598e-10
 6.46709e+05
 0.00000e+00
 6.46709e+05
 6.46709e+05
 0.00000e+00
 1.69240e-24
 6.46709e+05
 3.23355e+05
 1.43598e-10
 0.00000e+00
 6.46709e+05
 6.46709e+05
 2.15397e-10
 6.46709e+05
 0.00000e+00
 6.46709e+05
 0.00000e+00
 6.46709e+05
 0.00000e+00
 6.46709e+05
 0.00000e+00
 6.46709e+05
 0.00000e+00
 6.46709e+05
 0.00000e+00
 6.46709e+05
 0.00000e+00
 6.46709e+05
 0.00000e+00
 6.46709e+05
-1.43598e-10
 6.46709e+05
 0.00000e+00
 6.46709e+05
 0.00000e+00
 6.46709e+05
 2.15397e-10
 6.46709e+05
 0.00000e+00
 6.46709e+05
 0.00000e+00
 6.46709e+05
 2.15570e+05
 0.00000e+00
 6.46709e+05
 6.46709e+05
-1.43598e-10
 6.46709e+05
 0.00000e+00
 6.46709e+05
 0.00000e+00
 3.23355e+05
-1.43598e-10
 6.46709e+05
 0.00000e+00
 7.17991e-11
 6.46709e+05
 0.00000e+00
 6.46709e+05
 0.00000e+00
 6.46709e+05
 0.00000e+00
 6.46709e+05
 0.00000e+00
 6.46709e+05
 6.46709e+05
 3.23355e+05
 6.46709e+05
 0.00000e+00
-3.18852e-26
 6.46709e+05
 3.07085e-24
-2.97683e-24
 3.23355e+05
-1.43598e-10
 6.46709e+05
 6.46709e+05
 0.00000e+00
 6.46709e+05
 3.23355e+05
-1.43598e-10
 6.46709e+05
 0.00000e+00
 6.46709e+05
 0.00000e+00
 1.61677e+05
-1.43598e-10
 6.46709e+05
 6.46709e+05
 0.00000e+00
 6.46709e+05
 0.00000e+00
 6.46709e+05
 0.00000e+00
 2.77161e+05
 0.00000e+00
 2.77161e+05
 0.00000e+00
 6.46709e+05
 6.46709e+05
 0.00000e+00
 6.46709e+05
 2.91469e-24
 6.46709e+05
 6.46709e+05
 0.00000e+00
 0.00000e+00
 6.46709e+05
 0.00000e+00
 6.46709e+05
 0.00000e+00
 6.46709e+05
-7.17991e-10
 0.00000e+00
 6.46709e+05
 6.46709e+05
 6.38427e+05
 6.46709e+05
 6.46709e+05
 6.46709e+05
 0.00000e+00
 6.46709e+05
-1.43598e-10
 6.46709e+05
 0.00000e+00
 6.46709e+05
 0.00000e+00
 6.46709e+05
 6.46709e+05
 0.00000e+00
 6.46709e+05
 0.00000e+00
 6.46709e+05
 6.46709e+05
 0.00000e+00
 6.46709e+05
 6.46709e+05
 6.46709e+05
 6.46709e+05
 0.00000e+00
 6.46709e+05
-1.43598e-10
-1.43598e-10
 6.46709e+05
 0.00000e+00
 6.46709e+05
 0.00000e+00
 6.46709e+05
 6.46709e+05
 6.46709e+05
 6.46709e+05
 6.46709e+05
 6.46709e+05
 0.00000e+00
 6.46709e+05
-1.43598e-10
 6.46709e+05
 0.00000e+00
 6.46709e+05
 0.00000e+00
 6.46709e+05
-1.43598e-10
 6.46709e+05
 0.00000e+00
 1.66463e+04
 1.66463e+04
 1.66463e+04
 1.66463e+04
 1.66463e+04
 1.66463e+04
 1.66463e+04
 1.66463e+04
 1.66463e+04
 1.66463e+04
 1.66463e+04
 1.66463e+04
 1.66463e+04
 1.66463e+04
 1.66463e+04
 1.66463e+04
 1.66463e+04
 1.66463e+04
 1.66463e+04
 1.66463e+04
 1.66463e+04
 3.31678e+05
 1.66463e+04
 1.66463e+04
 1.66463e+04
 1.66463e+04
 1.66463e+04
 1.66463e+04
 1.66463e+04
 3.31678e+05
 1.66463e+04
 1.66463e+04
 1.66463e+04
 3.31678e+05
 1.66463e+04
 1.66463e+04
 1.66463e+04
 1.66463e+04
 1.66463e+04
 1.66463e+04
 1.66463e+04
 1.66463e+04
 1.66463e+04
 1.66463e+04
 1.66463e+04
 1.66463e+04
 1.66463e+04
 1.66463e+04
 1.66463e+04
 1.66463e+04
 1.66463e+04
 1.66463e+04
 1.66463e+04
 1.66463e+04
 1.66463e+04
 1.66463e+04
 2.26667e+05
 1.66463e+04
 1.66463e+04
 1.66463e+04
 1.66463e+04
 3.31678e+05
 1.66463e+04
 1.66463e+04
 3.31678e+05
 1.66463e+04
 1.66463e+04
 4.36688e+05
 1.66463e+04
 3.31678e+05
 3.31678e+05
 1.66463e+04
 1.66463e+04
 3.31678e+05
 1.66463e+04
 1.66463e+04
 3.31678e+05
 1.66463e+04
 1.66463e+04
 1.66463e+04
 1.74162e+05
 1.66463e+04
 1.66463e+04
 1.66463e+04
 1.66463e+04
 2.86673e+05
 1.66463e+04
 2.86673e+05
 1.66463e+04
 1.66463e+04
 1.66463e+04
 1.66463e+04
 1.66463e+04
 1.66463e+04
 1.66463e+04
 1.66463e+04
 1.66463e+04
 1.66463e+04
 1.66463e+04
 1.66463e+04
 1.66463e+04
 1.66463e+04
 1.66463e+04
 1.66463e+04
 1.66463e+04
 1.66463e+04
 1.66463e+04
 1.66463e+04
 1.66463e+04
 1.66463e+04
 1.66463e+04
 1.66463e+04
 1.66463e+04
 1.66463e+04
 1.66463e+04
 1.66463e+04
 1.66463e+04
 1.66463e+04
 1.66463e+04
 1.67886e+04
 1.67886e+04
 1.67886e+04
 1.67886e+04
 1.67886e+04
 1.67886e+04
 1.67886e+04
 1.67886e+04
 1.67886e+04
 1.67886e+04
 1.67886e+04
 1.67886e+04
 1.67886e+04
 1.67886e+04
 1.67886e+04
 1.67886e+04
 1.67886e+04
 1.67886e+04
 1.67886e+04
 1.67886e+04
 1.67886e+04
 1.67886e+04
 1.67886e+04
 1.67886e+04
 1.67175e+04
 1.67886e+04
 1.67886e+04
 1.67886e+04
 1.67886e+04
 1.67886e+04
 1.67886e+04
 1.67886e+04
 1.67886e+04
 1.67886e+04
 1.67886e+04
 1.67886e+04
 1.67886e+04
 1.67886e+04
 1.67886e+04
 1.67886e+04
 1.67886e+04
 1.67886e+04
 1.67886e+04
 1.67886e+04
 1.67886e+04
 1.67886e+04
 1.67886e+04
 1.67886e+04
 1.67886e+04
 1.67886e+04
 1.67886e+04
 1.67886e+04
 1.67886e+04
 1.67886e+04
 1.67886e+04
 1.67886e+04
 1.67886e+04
 1.67886e+04
 1.67886e+04
 1.67886e+04
 1.67886e+04
 1.67886e+04
 1.67886e+04
 1.67886e+04
 1.67886e+04
 1.67886e+04
 1.67886e+04
 1.67886e+04
 1.67175e+04
 1.67886e+04
 1.67886e+04
 1.67886e+04
 1.67886e+04
 1.67886e+04
 1.67886e+04
 1.67886e+04
 1.67886e+04
 1.67886e+04
 1.67886e+04
 1.67886e+04
 1.67886e+04
 1.67886e+04
 1.67886e+04
 1.67886e+04
 1.67886e+04
 1.67886e+04
 1.67886e+04
 1.67886e+04
 1.67886e+04
 1.67886e+04
 1.67886e+04
 1.67886e+04
 1.67886e+04
 1.67886e+04
 1.67886e+04
 1.67886e+04
 1.67886e+04
 1.67886e+04
 1.67886e+04
 1.67886e+04
 1.67886e+04
 1.67886e+04
 1.67886e+04
 1.67886e+04
 1.67886e+04
 1.67886e+04
 1.67886e+04
 1.67886e+04
 1.68903e+04
 1.68903e+04
 1.68903e+04
 1.68903e+04
 1.68903e+04
 1.68903e+04
 1.68903e+04
 1.68903e+04
 1.68903e+04
 1.68903e+04
 1.68903e+04
 1.68903e+04
 1.68903e+04
 1.68903e+04
 1.68903e+04
 1.68903e+04
 1.68903e+04
 1.68903e+04
 1.68903e+04
 1.68903e+04
 1.68394e+04
 1.68903e+04
 1.68903e+04
 1.68903e+04
 1.68903e+04
 1.68903e+04
 1.68903e+04
 1.68903e+04
 1.68903e+04
 1.68903e+04
 1.68394e+04
 1.68903e+04
 1.68903e+04
 1.68903e+04
 1.68903e+04
 1.68903e+04
 1.68903e+04
 1.68903e+04
 1.68903e+04
 1.68903e+04
 1.68903e+04
 1.68903e+04
 1.68903e+04
 1.68903e+04
 1.68903e+04
 1.68903e+04
 1.68903e+04
 1.68903e+04
 1.68903e+04
 1.68903e+04
 1.68903e+04
 1.68903e+04
 1.68903e+04
 1.68903e+04
 1.68903e+04
 1.68394e+04
 1.68903e+04
 1.68903e+04
 1.68903e+04
 1.68903e+04
 1.68394e+04
 1.68903e+04
 1.68903e+04
 1.68903e+04
 1.68903e+04
 1.68903e+04
 1.68903e+04
 1.68140e+04
 1.68903e+04
 1.68903e+04
 1.68903e+04
 1.68903e+04
 1.68903e+04
 1.68903e+04
 1.68903e+04
 1.68903e+04
 1.68903e+04
 1.68903e+04
 1.68903e+04
 1.68903e+04
 1.68903e+04
 1.68903e+04
 1.68903e+04
 1.68903e+04
 1.68903e+04
 1.68903e+04
 1.68903e+04
 1.68903e+04
 1.68903e+04
 1.68903e+04
 1.68903e+04
 1.68903e+04
 1.68903e+04
 1.68903e+04
 1.68903e+04
 1.68903e+04
 1.68903e+04
 1.68903e+04
 1.68903e+04
 1.68903e+04
 1.68903e+04
 1.68903e+04
 1.68903e+04
 1.68903e+04
 1.68903e+04
 1.68903e+04
 1.68903e+04
 1.68903e+04
 1.68903e+04
 1.69512e+04
 1.69512e+04
 1.69512e+04
 1.69512e+04
 1.69512e+04
 1.69512e+04
 1.69512e+04
 1.69512e+04
 1.69512e+04
 1.69512e+04
 1.69512e+04
 1.69512e+04
 1.69512e+04
 1.69512e+04
 1.69512e+04
 1.69512e+04
 1.69512e+04
 1.69512e+04
 1.69207e+04
 1.69512e+04
 1.69512e+04
 1.69512e+04
 1.69512e+04
 1.69512e+04
 1.69512e+04
 1.69512e+04
 1.69512e+04
 1.69512e+04
 1.69512e+04
 1.69512e+04
 1.69207e+04
 1.69512e+04
 1.69512e+04
 1.69512e+04
 1.69512e+04
 1.69512e+04
 1.69512e+04
 1.69512e+04
 1.69512e+04
 1.69512e+04
 1.69512e+04
 1.69512e+04
 1.69512e+04
 1.69512e+04
 1.69512e+04
 1.69512e+04
 1.69512e+04
 1.69512e+04
 1.69512e+04
 1.69512e+04
 1.69512e+04
 1.69512e+04
 1.69512e+04
 1.69512e+04
 1.69512e+04
 1.69512e+04
 1.69512e+04
 1.69512e+04
 1.69512e+04
 1.69512e+04
 1.69512e+04
 1.69512e+04
 1.69512e+04
 1.69207e+04
 1.69512e+04
 1.69512e+04
 1.69512e+04
 1.69207e+04
 1.69512e+04
 1.69207e+04
 1.69512e+04
 1.69512e+04
 1.69512e+04
 1.69207e+04
 1.69512e+04
 1.69512e+04
 1.69512e+04
 1.69512e+04
 1.69360e+04
 1.69512e+04
 1.69512e+04
 1.69512e+04
 1.69512e+04
 1.69512e+04
 1.69512e+04
 1.69512e+04
 1.69512e+04
 1.69512e+04
 1.69512e+04
 1.69512e+04
 1.69512e+04
 1.69512e+04
 1.69512e+04
 1.69512e+04
 1.69512e+04
 1.69512e+04
 1.69512e+04
 1.69512e+04
 1.69512e+04
 1.69512e+04
 1.69512e+04
 1.69512e+04
 1.69512e+04
 1.69512e+04
 1.69512e+04
 1.69512e+04
 1.69512e+04
 1.69512e+04
 1.69512e+04
 1.69512e+04
 1.69512e+04
 1.69512e+04
 1.69512e+04
 1.69512e+04
 1.69512e+04
 1.69512e+04
 1.69512e+04
 1.69512e+04
 1.69512e+04
 1.69512e+04
 1.69715e+04
 1.69715e+04
 1.69715e+04
 1.69715e+04
 1.69715e+04
 1.69715e+04
 1.69715e+04
 1.69715e+04
 1.69715e+04
 1.69715e+04
 1.69715e+04
 1.69715e+04
 1.69715e+04
 1.69715e+04
 1.69715e+04
 1.69715e+04
 1.69715e+04
 1.69715e+04
 1.69715e+04
 1.69715e+04
 1.69715e+04
 1.69715e+04
 1.69715e+04
 1.69715e+04
 1.69715e+04
 1.69715e+04
 1.69715e+04
 1.69715e+04
 1.69715e+04
 1.69614e+04
 1.69715e+04
 1.69715e+04
 1.69715e+04
 1.69715e+04
 1.69715e+04
 1.69715e+04
 1.69715e+04
 1.69715e+04
 1.69715e+04
 1.69715e+04
 1.69614e+04
 1.69715e+04
 1.69715e+04
 1.69715e+04
 1.69715e+04
 1.69715e+04
 1.69715e+04
 1.69715e+04
 1.69715e+04
 1.69715e+04
 1.69715e+04
 1.69715e+04
 1.69715e+04
 1.69715e+04
 1.69715e+04
 1.69715e+04
 1.69715e+04
 1.69715e+04
 1.69715e+04
 1.69715e+04
 1.69715e+04
 1.69715e+04
 1.69614e+04
 1.69715e+04
 1.69715e+04
 1.69715e+04
 1.69715e+04
 1.69715e+04
 1.69715e+04
 1.69614e+04
 1.69614e+04
 1.69715e+04
 1.69715e+04
 1.69715e+04
 1.69614e+04
 1.69715e+04
 1.69715e+04
 1.69715e+04
 1.69715e+04
 1.69715e+04
 1.69715e+04
 1.69715e+04
 1.69665e+04
 1.69715e+04
 1.69715e+04
 1.69715e+04
 1.69715e+04
 1.69715e+04
 1.69715e+04
 1.69715e+04
 1.69715e+04
 1.69715e+04
 1.69715e+04
 1.69715e+04
 1.69715e+04
 1.69715e+04
 1.69715e+04
 1.69715e+04
 1.69715e+04
 1.69715e+04
 1.69715e+04
 1.69715e+04
 1.69715e+04
 1.69715e+04
 1.69715e+04
 1.69715e+04
 1.69715e+04
 1.69715e+04
 1.69715e+04
 1.69715e+04
 1.69715e+04
 1.69715e+04
 1.69715e+04
 1.69512e+04
 1.69512e+04
 1.69512e+04
 1.69512e+04
 1.69512e+04
 1.69512e+04
 1.69512e+04
 1.69512e+04
 1.69512e+04
 1.69512e+04
 1.69512e+04
 1.69512e+04
 1.69512e+04
 1.69512e+04
 1.69512e+04
 1.69512e+04
 1.69512e+04
 1.69512e+04
 1.69512e+04
 1.69512e+04
 1.69512e+04
 1.69512e+04
 1.69512e+04
 1.69512e+04
 1.69512e+04
 1.69512e+04
 1.69512e+04
 1.69512e+04
 1.69512e+04
 1.69512e+04
 1.69512e+04
 1.69512e+04
 1.69512e+04
 1.69512e+04
 1.69512e+04
 1.69512e+04
 1.69512e+04
 1.69512e+04
 1.69512e+04
 1.69512e+04
 1.69512e+04
 1.69512e+04
 1.69512e+04
 1.69512e+04
 1.69512e+04
 1.69512e+04
 1.69512e+04
 1.69512e+04
 1.69512e+04
 1.69512e+04
 1.69512e+04
 1.69512e+04
 1.69512e+04
 1.69512e+04
 1.69512e+04
 1.69512e+04
 1.69512e+04
 1.69512e+04
 1.69512e+04
 1.69512e+04
 1.69512e+04
 1.69512e+04
 1.69512e+04
 1.69512e+04
 1.69512e+04
 1.69512e+04
 1.69512e+04
 1.69512e+04
 1.69512e+04
 1.69512e+04
 1.69512e+04
 1.69512e+04
 1.69512e+04
 1.69512e+04
 1.69512e+04
 1.69512e+04
 1.69512e+04
 1.69512e+04
 1.69512e+04
 1.69628e+04
 1.69512e+04
 1.69512e+04
 1.69512e+04
 1.69512e+04
 1.69512e+04
 1.69512e+04
 1.69512e+04
 1.69512e+04
 1.69512e+04
 1.69512e+04
 1.69512e+04
 1.69512e+04
 1.69512e+04
 1.69512e+04
 1.69512e+04
 1.69512e+04
 1.69512e+04
 1.69512e+04
 1.69512e+04
 1.69512e+04
 1.69512e+04
 1.69512e+04
 1.69512e+04
 1.69512e+04
 1.69512e+04
 1.69512e+04
 1.69512e+04
 1.69512e+04
 1.68903e+04
 1.68903e+04
 1.68903e+04
 1.68903e+04
 1.68903e+04
 1.68903e+04
 1.68903e+04
 1.68903e+04
 1.68903e+04
 1.68903e+04
 1.68903e+04
 1.68903e+04
 1.68903e+04
 1.68903e+04
 1.68903e+04
 1.68903e+04
 1.68903e+04
 1.68903e+04
 1.68903e+04
 1.68903e+04
 1.68903e+04
 1.68903e+04
 1.69207e+04
 1.68903e+04
 1.68903e+04
 1.68903e+04
 1.68903e+04
 1.68903e+04
 1.68903e+04
 1.68903e+04
 1.68903e+04
 1.68903e+04
 1.68903e+04
 1.68903e+04
 1.68903e+04
 1.68903e+04
 1.68903e+04
 1.68903e+04
 1.68903e+04
 1.68903e+04
 1.68903e+04
 1.68903e+04
 1.68903e+04
 1.68903e+04
 1.68903e+04
 1.68903e+04
 1.68903e+04
 1.68903e+04
 1.68903e+04
 1.68903e+04
 1.68903e+04
 1.68903e+04
 1.68903e+04
 1.68903e+04
 1.68903e+04
 1.68903e+04
 1.68903e+04
 1.68903e+04
 1.68903e+04
 1.68903e+04
 1.68903e+04
 1.68903e+04
 1.68903e+04
 1.68903e+04
 1.68903e+04
 1.68903e+04
 1.68903e+04
 1.68903e+04
 1.68903e+04
 1.68903e+04
 1.68903e+04
 1.68903e+04
 1.68903e+04
 1.68903e+04
 1.68903e+04
 1.68903e+04
 1.68903e+04
 1.68903e+04
 1.68903e+04
 1.68903e+04
 1.68903e+04
 1.68903e+04
 1.68903e+04
 1.68903e+04
 1.68903e+04
 1.68903e+04
 1.68903e+04
 1.68903e+04
 1.68903e+04
 1.68903e+04
 1.68903e+04
 1.68903e+04
 1.68903e+04
 1.68903e+04
 1.68903e+04
 1.68903e+04
 1.68903e+04
 1.68903e+04
 1.68903e+04
 1.68903e+04
 1.68903e+04
 1.68903e+04
 1.68903e+04
 1.68903e+04
 1.68903e+04
 1.67886e+04
 1.67886e+04
 1.67886e+04
 1.67886e+04
 1.67886e+04
 1.67886e+04
 1.67886e+04
 1.67886e+04
 1.67886e+04
 1.67886e+04
 1.67886e+04
 1.67886e+04
 1.67886e+04
 1.67886e+04
 1.67886e+04
 1.67886e+04
 1.67886e+04
 1.67886e+04
 1.67886e+04
 1.67886e+04
 1.67886e+04
 1.67886e+04
 1.67886e+04
 1.67886e+04
 1.68394e+04
 1.67886e+04
 1.67886e+04
 1.67886e+04
 1.67886e+04
 1.67886e+04
 1.67886e+04
 1.67886e+04
 1.67886e+04
 1.67886e+04
 1.67886e+04
 1.67886e+04
 1.67886e+04
 1.67886e+04
 1.67886e+04
 1.67886e+04
 1.67886e+04
 1.67886e+04
 1.67886e+04
 1.67886e+04
 1.67886e+04
 1.67886e+04
 1.67886e+04
 1.67886e+04
 1.67886e+04
 1.67886e+04
 1.67886e+04
 1.67886e+04
 1.67886e+04
 1.67886e+04
 1.67886e+04
 1.67886e+04
 1.67886e+04
 1.67886e+04
 1.67886e+04
 1.67886e+04
 1.67886e+04
 1.67886e+04
 1.67886e+04
 1.67886e+04
 1.67886e+04
 1.67886e+04
 1.67886e+04
 1.67886e+04
 1.67886e+04
 1.67886e+04
 1.67886e+04
 1.67886e+04
 1.67886e+04
 1.67886e+04
 1.67886e+04
 1.67886e+04
 1.67886e+04
 1.67886e+04
 1.67886e+04
 1.67886e+04
 1.67886e+04
 1.68322e+04
 1.67886e+04
 1.67886e+04
 1.67886e+04
 1.67886e+04
 1.67886e+04
 1.67886e+04
 1.67886e+04
 1.67886e+04
 1.67886e+04
 1.67886e+04
 1.67886e+04
 1.67886e+04
 1.67886e+04
 1.67886e+04
 1.67886e+04
 1.67886e+04
 1.67886e+04
 1.67886e+04
 1.67886e+04
 1.67886e+04
 1.67886e+04
 1.67886e+04
 1.67886e+04
 1.67886e+04
 1.67886e+04
 1.67886e+04
 1.66463e+04
 1.66463e+04
 1.66463e+04
 1.66463e+04
 1.66463e+04
 1.66463e+04
 1.66463e+04
 1.66463e+04
 1.66463e+04
 1.66463e+04
 1.66463e+04
 1.66463e+04
 1.66463e+04
 1.66463e+04
 1.66463e+04
 1.66463e+04
 1.66463e+04
 1.66463e+04
 1.66463e+04
 1.66463e+04
 1.66463e+04
 1.66463e+04
 1.66463e+04
 1.66463e+04
 1.66463e+04
 1.66463e+04
 1.66463e+04
 1.66463e+04
 1.66463e+04
 1.66463e+04
 1.66463e+04
 1.66463e+04
 1.66463e+04
 1.66463e+04
 1.66463e+04
 1.66463e+04
 1.66463e+04
 1.66463e+04
 1.66463e+04
 1.66463e+04
 1.66463e+04
 1.66463e+04
 1.66463e+04
 1.66463e+04
 1.66463e+04
 1.66463e+04
 1.66463e+04
 1.66463e+04
 1.66463e+04
 1.66463e+04
 1.66463e+04
 1.66463e+04
 1.66463e+04
 1.66463e+04
 1.66463e+04
 1.66463e+04
 1.66463e+04
 1.66463e+04
 1.66463e+04
 1.66463e+04
 1.66463e+04
 1.66463e+04
 1.66463e+04
 1.66463e+04
 1.66463e+04
 1.66463e+04
 1.66463e+04
 1.66463e+04
 1.66463e+04
 1.66463e+04
 1.66463e+04
 1.66463e+04
 1.66463e+04
 1.66463e+04
 1.66463e+04
 1.67530e+04
 1.66463e+04
 1.66463e+04
 1.66463e+04
 1.66463e+04
 1.66463e+04
 1.66463e+04
 1.66463e+04
 1.66463e+04
 1.66463e+04
 1.66463e+04
 1.66463e+04
 1.66463e+04
 1.66463e+04
 1.66463e+04
 1.66463e+04
 1.66463e+04
 1.66463e+04
 1.66463e+04
 1.66463e+04
 1.66463e+04
 1.66463e+04
 1.66463e+04
 1.66463e+04
 1.66463e+04
 1.66463e+04
 1.66463e+04
 1.66463e+04
 1.66463e+04
 1.66463e+04
 1.66463e+04
 1.66463e+04
 1.66463e+04
 1.66463e+04
 6.46709e+05
 6.46709e+05
 6.46709e+05
 6.46709e+05
 6.46709e+05
 6.46709e+05
 6.46709e+05
 6.46709e+05
 6.46709e+05
 6.46709e+05
 6.46709e+05
 6.46709e+05
 6.46709e+05
 6.46709e+05
 6.46709e+05
 6.46709e+05
 6.46709e+05
 6.46709e+05
 6.46709e+05
 6.46709e+05
 6.46709e+05
 6.46709e+05
 6.46709e+05
 6.46709e+05
 6.46709e+05
 6.46709e+05
 6.46709e+05
 6.46709e+05
 6.46709e+05
 6.46709e+05
 6.46709e+05
 6.46709e+05
 6.46709e+05
 6.46709e+05
 6.46709e+05
 6.46709e+05
 6.46709e+05
 6.46709e+05
 3.31678e+05
 6.46709e+05
 6.46709e+05
 6.46709e+05
 6.46709e+05
 6.46709e+05
 6.46709e+05
 6.46709e+05
 6.46709e+05
 6.46709e+05
 6.46709e+05
 6.46709e+05
 6.46709e+05
 6.46709e+05
 6.46709e+05
 6.46709e+05
 6.46709e+05
 6.46709e+05
 6.46709e+05
 6.46709e+05
 6.46709e+05
 6.46709e+05
 6.46709e+05
 6.46709e+05
 6.46709e+05
 6.46709e+05
 6.46709e+05
 3.31678e+05
 6.46709e+05
 6.46709e+05
 6.46709e+05
 6.46709e+05
 6.46709e+05
 6.46709e+05
 6.46709e+05
 4.89193e+05
 6.46709e+05
 6.46709e+05
 6.46709e+05
 6.46709e+05
 6.46709e+05
 6.46709e+05
 6.46709e+05
 6.46709e+05
 6.46709e+05
 6.46709e+05
 6.46709e+05
 6.46709e+05
 6.46709e+05
 6.46709e+05
 6.46709e+05
 6.46709e+05
 6.46709e+05
 6.46709e+05
 6.46709e+05
 6.46709e+05
 6.46709e+05
 6.46709e+05
 6.46709e+05
 6.46709e+05
 6.46709e+05
 6.46709e+05
 6.46709e+05
 6.46709e+05
 6.46709e+05
 6.46709e+05
 6.46709e+05
 6.46709e+05
 6.46709e+05
 6.38427e+05
 0.00000e+00
 0.00000e+00
 0.00000e+00
 0.00000e+00
 0.00000e+00
 0.00000e+00
 0.00000e+00
 0.00000e+00
 0.00000e+00
 0.00000e+00
 0.00000e+00
 0.00000e+00
 0.00000e+00
 0.00000e+00
 0.00000e+00
 0.00000e+00
 0.00000e+00
 0.00000e+00
 0.00000e+00
 0.00000e+00
 0.00000e+00
 0.00000e+00
 0.00000e+00
 0.00000e+00
 0.00000e+00
 6.37704e-26
 3.15585e-25
 0.00000e+00
 0.00000e+00
 0.00000e+00
 0.00000e+00
 0.00000e+00
 0.00000e+00
 0.00000e+00
 0.00000e+00
 1.50436e-24
 0.00000e+00
 0.00000e+00
 3.23355e+05
-2.51815e-25
 0.00000e+00
 0.00000e+00
 0.00000e+00
 0.00000e+00
 0.00000e+00
 0.00000e+00
 0.00000e+00
 0.00000e+00
 0.00000e+00
 0.00000e+00
 0.00000e+00
 0.00000e+00
 0.00000e+00
 0.00000e+00
 0.00000e+00
 0.00000e+00
 0.00000e+00
 0.00000e+00
 0.00000e+00
 0.00000e+00
 0.00000e+00
 0.00000e+00
 0.00000e+00
 0.00000e+00
 0.00000e+00
 0.00000e+00
 9.40222e-26
 0.00000e+00
 3.23355e+05
 2.97683e-24
-2.94494e-24
 0.00000e+00
 0.00000e+00
 0.00000e+00
 0.00000e+00
 0.00000e+00
 0.00000e+00
 0.00000e+00
 0.00000e+00
 0.00000e+00
 0.00000e+00
 0.00000e+00
 0.00000e+00
 3.04060e-24
 0.00000e+00
 0.00000e+00
 0.00000e+00
 0.00000e+00
 1.38008e-24
 0.00000e+00
 6.38427e+05
 0.00000e+00
 0.00000e+00
 0.00000e+00
 0.00000e+00
 0.00000e+00
 0.00000e+00
 0.00000e+00
 0.00000e+00
 0.00000e+00
 0.00000e+00
 0.00000e+00
 0.00000e+00
 0.00000e+00
 0.00000e+00
 0.00000e+00
 0.00000e+00
