scalar
part
         1
coordinates
 3.06826e+05
 3.23391e+05
 3.23391e+05
 0.00000e+00
 3.23391e+05
 0.00000e+00
 3.23391e+05
 0.00000e+00
 3.23391e+05
 0.00000e+00
 3.23391e+05
 0.00000e+00
 3.23391e+05
 0.00000e+00
 3.23391e+05
 0.00000e+00
 3.59037e-11
 3.23391e+05
 0.00000e+00
 3.23391e+05
 0.00000e+00
 3.23391e+05
 0.00000e+00
 3.23391e+05
 0.00000e+00
 3.23391e+05
 3.23391e+05
 0.00000e+00
 3.23391e+05
 3.59037e-11
 3.23391e+05
-7.18073e-11
 3.23391e+05
-7.18073e-11
 3.23391e+05
-7.18073e-11
 0.00000e+00
 3.23391e+05
 3.59037e-11
 3.23391e+05
 0.00000e+00
 3.23391e+05
 0.00000e+00
 3.23391e+05
 0.00000e+00
 3.23391e+05
 0.00000e+00
 3.23391e+05
 0.00000e+00
 3.23391e+05
 0.00000e+00
 3.23391e+05
 0.00000e+00
 3.23391e+05
 0.00000e+00
 3.23391e+05
-7.18073e-11
 3.23391e+05
-7.18073e-11
 3.23391e+05
 0.00000e+00
 3.23391e+05
-7.18073e-11
 3.23391e+05
 3.23391e+05
 0.00000e+00
 0.00000e+00
 3.23391e+05
 0.00000e+00
 3.23391e+05
 0.00000e+00
 3.23391e+05
 0.00000e+00
 3.23391e+05
 0.00000e+00
 3.23391e+05
 0.00000e+00
 3.23391e+05
 3.34248e-25
 3.23391e+05
 3.23391e+05
 0.00000e+00
-5.57080e-25
 3.23391e+05
-1.79518e-10
 3.23391e+05
 3.23391e+05
 0.00000e+00
 3.23391e+05
 3.23391e+05
 0.00000e+00
 3.23391e+05
-7.18073e-11
 3.23391e+05
 0.00000e+00
 3.23391e+05
 0.00000e+00
 3.23391e+05
 0.00000e+00
 3.23391e+05
 0.00000e+00
 3.23391e+05
 0.00000e+00
 3.23391e+05
 0.00000e+00
 3.23391e+05
 0.00000e+00
 3.23391e+05
 3.06826e+05
 3.33982e+04
 3.33982e+04
 3.33982e+04
 3.33982e+04
 3.33982e+04
 3.33982e+04
 3.33982e+04
 3.33982e+04
 3.33982e+04
 3.33982e+04
 3.33982e+04
 3.33982e+04
 3.33982e+04
 3.33982e+04
 3.33982e+04
 3.33982e+04
 3.33982e+04
 3.33982e+04
 3.33982e+04
 3.33982e+04
 3.33982e+04
 3.33982e+04
 3.33982e+04
 3.33982e+04
 3.33982e+04
 3.33982e+04
 3.33982e+04
 3.33982e+04
 3.33982e+04
 3.33982e+04
 3.33982e+04
 3.33982e+04
 3.33982e+04
 3.33982e+04
 3.33982e+04
 3.33982e+04
 3.33982e+04
 3.33982e+04
 3.33982e+04
 3.33982e+04
 3.33982e+04
 3.33982e+04
 3.33982e+04
 3.33982e+04
 3.33982e+04
 3.33982e+04
 3.33982e+04
 3.33982e+04
 3.33982e+04
 3.33982e+04
 3.33982e+04
 3.33982e+04
 3.33982e+04
 3.33982e+04
 3.36664e+04
 3.36664e+04
 3.36664e+04
 3.36664e+04
 3.36664e+04
 3.36664e+04
 3.36664e+04
 3.36664e+04
 3.36664e+04
 3.36664e+04
 3.36664e+04
 3.36664e+04
 3.36664e+04
 3.36664e+04
 3.36664e+04
 3.36664e+04
 3.36664e+04
 3.36664e+04
 3.36664e+04
 3.36664e+04
 3.36664e+04
 3.36664e+04
 3.36664e+04
 3.36664e+04
 3.36664e+04
 3.36664e+04
 3.36664e+04
 3.36664e+04
 3.36664e+04
 3.36664e+04
 3.36664e+04
 3.36664e+04
 3.36664e+04
 3.36664e+04
 3.36664e+04
 3.36664e+04
 3.36664e+04
 3.36664e+04
 3.36664e+04
 3.36664e+04
 3.36664e+04
 3.36664e+04
 3.36664e+04
 3.36664e+04
 3.36664e+04
 3.36664e+04
 3.36664e+04
 3.36664e+04
 3.36664e+04
 3.36664e+04
 3.36664e+04
 3.36664e+04
 3.36664e+04
 3.36664e+04
 3.33982e+04
 3.33982e+04
 3.33982e+04
 3.33982e+04
 3.33982e+04
 3.33982e+04
 3.33982e+04
 3.33982e+04
 3.33982e+04
 3.33982e+04
 3.33982e+04
 3.33982e+04
 3.33982e+04
 3.33982e+04
 3.33982e+04
 3.33982e+04
 3.33982e+04
 3.33982e+04
 3.33982e+04
 3.33982e+04
 3.33982e+04
 3.33982e+04
 3.33982e+04
 3.33982e+04
 3.33982e+04
 3.33982e+04
 3.33982e+04
 3.33982e+04
 3.33982e+04
 3.33982e+04
 3.33982e+04
 3.33982e+04
 3.33982e+04
 3.33982e+04
 3.33982e+04
 3.33982e+04
 3.33982e+04
 3.33982e+04
 3.33982e+04
 3.33982e+04
 3.33982e+04
 3.33982e+04
 3.33982e+04
 3.33982e+04
 3.33982e+04
 3.33982e+04
 3.33982e+04
 3.33982e+04
 3.33982e+04
 3.33982e+04
 3.33982e+04
 3.33982e+04
 3.23391e+05
 3.23391e+05
 3.23391e+05
 3.23391e+05
 3.23391e+05
 3.23391e+05
 3.23391e+05
 3.23391e+05
 3.23391e+05
 3.23391e+05
 3.23391e+05
 3.23391e+05
 3.23391e+05
 3.23391e+05
 3.23391e+05
 3.23391e+05
 3.23391e+05
 3.23391e+05
 3.23391e+05
 3.23391e+05
 3.23391e+05
 3.23391e+05
 3.23391e+05
 3.23391e+05
 3.23391e+05
 3.23391e+05
 3.23391e+05
 3.23391e+05
 3.23391e+05
 3.23391e+05
 3.23391e+05
 3.23391e+05
 3.23391e+05
 3.23391e+05
 3.23391e+05
 3.23391e+05
 3.23391e+05
 3.23391e+05
 3.23391e+05
 3.23391e+05
 3.23391e+05
 3.23391e+05
 3.23391e+05
 3.23391e+05
 3.23391e+05
 3.23391e+05
 3.23391e+05
 3.23391e+05
 3.23391e+05
 3.23391e+05
 3.23391e+05
 3.23391e+05
 3.23391e+05
 3.23391e+05
 3.06826e+05
 0.00000e+00
 0.00000e+00
 0.00000e+00
 0.00000e+00
 0.00000e+00
 0.00000e+00
 0.00000e+00
 0.00000e+00
 0.00000e+00
 0.00000e+00
 0.00000e+00
 0.00000e+00
 0.00000e+00
 0.00000e+00
 0.00000e+00
 0.00000e+00
 0.00000e+00
 4.45664e-26
 0.00000e+00
 0.00000e+00
 0.00000e+00
 0.00000e+00
 0.00000e+00
 0.00000e+00
 0.00000e+00
 0.00000e+00
 0.00000e+00
 0.00000e+00
 0.00000e+00
 0.00000e+00
 0.00000e+00
 0.00000e+00
 7.97221e-27
 0.00000e+00
 0.00000e+00
 0.00000e+00
 0.00000e+00
 0.00000e+00
 0.00000e+00
 3.34248e-25
-5.57080e-25
 0.00000e+00
-2.67398e-25
 0.00000e+00
 0.00000e+00
 0.00000e+00
 0.00000e+00
 0.00000e+00
 0.00000e+00
 0.00000e+00
 0.00000e+00
 0.00000e+00
 3.06826e+05
