scalar
part
         1
coordinates
 6.01891e+05
 6.17179e+05
 6.17179e+05
 0.00000e+00
 6.17179e+05
 0.00000e+00
 6.17179e+05
 0.00000e+00
 6.17179e+05
 0.00000e+00
 6.17179e+05
 0.00000e+00
 6.17179e+05
 0.00000e+00
 1.37041e-10
 6.17179e+05
 0.00000e+00
 6.17179e+05
 0.00000e+00
 6.17179e+05
 0.00000e+00
 6.17179e+05
 0.00000e+00
 6.17179e+05
 0.00000e+00
 6.17179e+05
 0.00000e+00
 6.17179e+05
 0.00000e+00
 6.17179e+05
 0.00000e+00
 6.17179e+05
 0.00000e+00
 6.17179e+05
 0.00000e+00
 6.17179e+05
 0.00000e+00
 6.17179e+05
 0.00000e+00
 6.17179e+05
 0.00000e+00
 0.00000e+00
 6.17179e+05
 0.00000e+00
 6.17179e+05
 0.00000e+00
 6.17179e+05
 0.00000e+00
 6.17179e+05
 0.00000e+00
 6.17179e+05
 6.08585e-26
 2.37404e-25
 6.17179e+05
 6.17179e+05
 0.00000e+00
 6.17179e+05
 6.85206e-11
 6.17179e+05
 0.00000e+00
 6.17179e+05
 0.00000e+00
 6.17179e+05
-1.37041e-10
 6.17179e+05
 0.00000e+00
 6.17179e+05
 6.17179e+05
 0.00000e+00
 1.58891e-24
 6.17179e+05
 3.08589e+05
 1.37041e-10
 0.00000e+00
 6.17179e+05
 6.17179e+05
 2.05562e-10
 6.17179e+05
 0.00000e+00
 6.17179e+05
 0.00000e+00
 6.17179e+05
 0.00000e+00
 6.17179e+05
 0.00000e+00
 6.17179e+05
 0.00000e+00
 6.17179e+05
 0.00000e+00
 6.17179e+05
 0.00000e+00
 6.17179e+05
 0.00000e+00
 6.17179e+05
-1.37041e-10
 6.17179e+05
 0.00000e+00
 6.17179e+05
 0.00000e+00
 6.17179e+05
 2.05562e-10
 6.17179e+05
 0.00000e+00
 6.17179e+05
 0.00000e+00
 6.17179e+05
 2.05726e+05
 0.00000e+00
 6.17179e+05
 6.17179e+05
-1.37041e-10
 6.17179e+05
 0.00000e+00
 6.17179e+05
 0.00000e+00
 3.08589e+05
-1.37041e-10
 6.17179e+05
 0.00000e+00
 6.85206e-11
 6.17179e+05
 0.00000e+00
 6.17179e+05
 0.00000e+00
 6.17179e+05
 0.00000e+00
 6.17179e+05
 0.00000e+00
 6.17179e+05
 6.17179e+05
 3.08589e+05
 6.17179e+05
 0.00000e+00
-3.04293e-26
 6.17179e+05
 2.88257e-24
-2.79430e-24
 3.08589e+05
-1.37041e-10
 6.17179e+05
 6.17179e+05
 0.00000e+00
 6.17179e+05
 3.08589e+05
-1.37041e-10
 6.17179e+05
 0.00000e+00
 6.17179e+05
 0.00000e+00
 1.54295e+05
-1.37041e-10
 6.17179e+05
 6.17179e+05
 0.00000e+00
 6.17179e+05
 0.00000e+00
 6.17179e+05
 0.00000e+00
 2.64505e+05
 0.00000e+00
 2.64505e+05
 0.00000e+00
 6.17179e+05
 6.17179e+05
 0.00000e+00
 6.17179e+05
 2.73646e-24
 6.17179e+05
 6.17179e+05
 0.00000e+00
 0.00000e+00
 6.17179e+05
 0.00000e+00
 6.17179e+05
 0.00000e+00
 6.17179e+05
-6.85206e-10
 0.00000e+00
 6.17179e+05
 6.17179e+05
 6.01891e+05
 6.17179e+05
 6.17179e+05
 6.17179e+05
 0.00000e+00
 6.17179e+05
-1.37041e-10
 6.17179e+05
 0.00000e+00
 6.17179e+05
 0.00000e+00
 6.17179e+05
 6.17179e+05
 0.00000e+00
 6.17179e+05
 0.00000e+00
 6.17179e+05
 6.17179e+05
 0.00000e+00
 6.17179e+05
 6.17179e+05
 6.17179e+05
 6.17179e+05
 0.00000e+00
 6.17179e+05
-1.37041e-10
-1.37041e-10
 6.17179e+05
 0.00000e+00
 6.17179e+05
 0.00000e+00
 6.17179e+05
 6.17179e+05
 6.17179e+05
 6.17179e+05
 6.17179e+05
 6.17179e+05
 0.00000e+00
 6.17179e+05
-1.37041e-10
 6.17179e+05
 0.00000e+00
 6.17179e+05
 0.00000e+00
 6.17179e+05
-1.37041e-10
 6.17179e+05
 0.00000e+00
 3.08581e+04
 3.08581e+04
 3.08581e+04
 3.08581e+04
 3.08581e+04
 3.08581e+04
 3.08581e+04
 3.08581e+04
 3.08581e+04
 3.08581e+04
 3.08581e+04
 3.08581e+04
 3.08581e+04
 3.08581e+04
 3.08581e+04
 3.08581e+04
 3.08581e+04
 3.08581e+04
 3.08581e+04
 3.08581e+04
 3.08581e+04
 3.24018e+05
 3.08581e+04
 3.08581e+04
 3.08581e+04
 3.08581e+04
 3.08581e+04
 3.08581e+04
 3.08581e+04
 3.24018e+05
 3.08581e+04
 3.08581e+04
 3.08581e+04
 3.24018e+05
 3.08581e+04
 3.08581e+04
 3.08581e+04
 3.08581e+04
 3.08581e+04
 3.08581e+04
 3.08581e+04
 3.08581e+04
 3.08581e+04
 3.08581e+04
 3.08581e+04
 3.08581e+04
 3.08581e+04
 3.08581e+04
 3.08581e+04
 3.08581e+04
 3.08581e+04
 3.08581e+04
 3.08581e+04
 3.08581e+04
 3.08581e+04
 3.08581e+04
 2.26298e+05
 3.08581e+04
 3.08581e+04
 3.08581e+04
 3.08581e+04
 3.24018e+05
 3.08581e+04
 3.08581e+04
 3.24018e+05
 3.08581e+04
 3.08581e+04
 4.21738e+05
 3.08581e+04
 3.24018e+05
 3.24018e+05
 3.08581e+04
 3.08581e+04
 3.24018e+05
 3.08581e+04
 3.08581e+04
 3.24018e+05
 3.08581e+04
 3.08581e+04
 3.08581e+04
 1.77438e+05
 3.08581e+04
 3.08581e+04
 3.08581e+04
 3.08581e+04
 2.82138e+05
 3.08581e+04
 2.82138e+05
 3.08581e+04
 3.08581e+04
 3.08581e+04
 3.08581e+04
 3.08581e+04
 3.08581e+04
 3.08581e+04
 3.08581e+04
 3.08581e+04
 3.08581e+04
 3.08581e+04
 3.08581e+04
 3.08581e+04
 3.08581e+04
 3.08581e+04
 3.08581e+04
 3.08581e+04
 3.08581e+04
 3.08581e+04
 3.08581e+04
 3.08581e+04
 3.08581e+04
 3.08581e+04
 3.08581e+04
 3.08581e+04
 3.08581e+04
 3.08581e+04
 3.08581e+04
 3.08581e+04
 3.08581e+04
 3.08581e+04
 3.13529e+04
 3.13529e+04
 3.13529e+04
 3.13529e+04
 3.13529e+04
 3.13529e+04
 3.13529e+04
 3.13529e+04
 3.13529e+04
 3.13529e+04
 3.13529e+04
 3.13529e+04
 3.13529e+04
 3.13529e+04
 3.13529e+04
 3.13529e+04
 3.13529e+04
 3.13529e+04
 3.13529e+04
 3.13529e+04
 3.13529e+04
 3.13529e+04
 3.13529e+04
 3.13529e+04
 3.11055e+04
 3.13529e+04
 3.13529e+04
 3.13529e+04
 3.13529e+04
 3.13529e+04
 3.13529e+04
 3.13529e+04
 3.13529e+04
 3.13529e+04
 3.13529e+04
 3.13529e+04
 3.13529e+04
 3.13529e+04
 3.13529e+04
 3.13529e+04
 3.13529e+04
 3.13529e+04
 3.13529e+04
 3.13529e+04
 3.13529e+04
 3.13529e+04
 3.13529e+04
 3.13529e+04
 3.13529e+04
 3.13529e+04
 3.13529e+04
 3.13529e+04
 3.13529e+04
 3.13529e+04
 3.13529e+04
 3.13529e+04
 3.13529e+04
 3.13529e+04
 3.13529e+04
 3.13529e+04
 3.13529e+04
 3.13529e+04
 3.13529e+04
 3.13529e+04
 3.13529e+04
 3.13529e+04
 3.13529e+04
 3.13529e+04
 3.11055e+04
 3.13529e+04
 3.13529e+04
 3.13529e+04
 3.13529e+04
 3.13529e+04
 3.13529e+04
 3.13529e+04
 3.13529e+04
 3.13529e+04
 3.13529e+04
 3.13529e+04
 3.13529e+04
 3.13529e+04
 3.13529e+04
 3.13529e+04
 3.13529e+04
 3.13529e+04
 3.13529e+04
 3.13529e+04
 3.13529e+04
 3.13529e+04
 3.13529e+04
 3.13529e+04
 3.13529e+04
 3.13529e+04
 3.13529e+04
 3.13529e+04
 3.13529e+04
 3.13529e+04
 3.13529e+04
 3.13529e+04
 3.13529e+04
 3.13529e+04
 3.13529e+04
 3.13529e+04
 3.13529e+04
 3.13529e+04
 3.13529e+04
 3.13529e+04
 3.17059e+04
 3.17059e+04
 3.17059e+04
 3.17059e+04
 3.17059e+04
 3.17059e+04
 3.17059e+04
 3.17059e+04
 3.17059e+04
 3.17059e+04
 3.17059e+04
 3.17059e+04
 3.17059e+04
 3.17059e+04
 3.17059e+04
 3.17059e+04
 3.17059e+04
 3.17059e+04
 3.17059e+04
 3.17059e+04
 3.15294e+04
 3.17059e+04
 3.17059e+04
 3.17059e+04
 3.17059e+04
 3.17059e+04
 3.17059e+04
 3.17059e+04
 3.17059e+04
 3.17059e+04
 3.15294e+04
 3.17059e+04
 3.17059e+04
 3.17059e+04
 3.17059e+04
 3.17059e+04
 3.17059e+04
 3.17059e+04
 3.17059e+04
 3.17059e+04
 3.17059e+04
 3.17059e+04
 3.17059e+04
 3.17059e+04
 3.17059e+04
 3.17059e+04
 3.17059e+04
 3.17059e+04
 3.17059e+04
 3.17059e+04
 3.17059e+04
 3.17059e+04
 3.17059e+04
 3.17059e+04
 3.17059e+04
 3.15294e+04
 3.17059e+04
 3.17059e+04
 3.17059e+04
 3.17059e+04
 3.15294e+04
 3.17059e+04
 3.17059e+04
 3.17059e+04
 3.17059e+04
 3.17059e+04
 3.17059e+04
 3.14412e+04
 3.17059e+04
 3.17059e+04
 3.17059e+04
 3.17059e+04
 3.17059e+04
 3.17059e+04
 3.17059e+04
 3.17059e+04
 3.17059e+04
 3.17059e+04
 3.17059e+04
 3.17059e+04
 3.17059e+04
 3.17059e+04
 3.17059e+04
 3.17059e+04
 3.17059e+04
 3.17059e+04
 3.17059e+04
 3.17059e+04
 3.17059e+04
 3.17059e+04
 3.17059e+04
 3.17059e+04
 3.17059e+04
 3.17059e+04
 3.17059e+04
 3.17059e+04
 3.17059e+04
 3.17059e+04
 3.17059e+04
 3.17059e+04
 3.17059e+04
 3.17059e+04
 3.17059e+04
 3.17059e+04
 3.17059e+04
 3.17059e+04
 3.17059e+04
 3.17059e+04
 3.17059e+04
 3.19174e+04
 3.19174e+04
 3.19174e+04
 3.19174e+04
 3.19174e+04
 3.19174e+04
 3.19174e+04
 3.19174e+04
 3.19174e+04
 3.19174e+04
 3.19174e+04
 3.19174e+04
 3.19174e+04
 3.19174e+04
 3.19174e+04
 3.19174e+04
 3.19174e+04
 3.19174e+04
 3.18116e+04
 3.19174e+04
 3.19174e+04
 3.19174e+04
 3.19174e+04
 3.19174e+04
 3.19174e+04
 3.19174e+04
 3.19174e+04
 3.19174e+04
 3.19174e+04
 3.19174e+04
 3.18116e+04
 3.19174e+04
 3.19174e+04
 3.19174e+04
 3.19174e+04
 3.19174e+04
 3.19174e+04
 3.19174e+04
 3.19174e+04
 3.19174e+04
 3.19174e+04
 3.19174e+04
 3.19174e+04
 3.19174e+04
 3.19174e+04
 3.19174e+04
 3.19174e+04
 3.19174e+04
 3.19174e+04
 3.19174e+04
 3.19174e+04
 3.19174e+04
 3.19174e+04
 3.19174e+04
 3.19174e+04
 3.19174e+04
 3.19174e+04
 3.19174e+04
 3.19174e+04
 3.19174e+04
 3.19174e+04
 3.19174e+04
 3.19174e+04
 3.18116e+04
 3.19174e+04
 3.19174e+04
 3.19174e+04
 3.18116e+04
 3.19174e+04
 3.18116e+04
 3.19174e+04
 3.19174e+04
 3.19174e+04
 3.18116e+04
 3.19174e+04
 3.19174e+04
 3.19174e+04
 3.19174e+04
 3.18645e+04
 3.19174e+04
 3.19174e+04
 3.19174e+04
 3.19174e+04
 3.19174e+04
 3.19174e+04
 3.19174e+04
 3.19174e+04
 3.19174e+04
 3.19174e+04
 3.19174e+04
 3.19174e+04
 3.19174e+04
 3.19174e+04
 3.19174e+04
 3.19174e+04
 3.19174e+04
 3.19174e+04
 3.19174e+04
 3.19174e+04
 3.19174e+04
 3.19174e+04
 3.19174e+04
 3.19174e+04
 3.19174e+04
 3.19174e+04
 3.19174e+04
 3.19174e+04
 3.19174e+04
 3.19174e+04
 3.19174e+04
 3.19174e+04
 3.19174e+04
 3.19174e+04
 3.19174e+04
 3.19174e+04
 3.19174e+04
 3.19174e+04
 3.19174e+04
 3.19174e+04
 3.19174e+04
 3.19879e+04
 3.19879e+04
 3.19879e+04
 3.19879e+04
 3.19879e+04
 3.19879e+04
 3.19879e+04
 3.19879e+04
 3.19879e+04
 3.19879e+04
 3.19879e+04
 3.19879e+04
 3.19879e+04
 3.19879e+04
 3.19879e+04
 3.19879e+04
 3.19879e+04
 3.19879e+04
 3.19879e+04
 3.19879e+04
 3.19879e+04
 3.19879e+04
 3.19879e+04
 3.19879e+04
 3.19879e+04
 3.19879e+04
 3.19879e+04
 3.19879e+04
 3.19879e+04
 3.19526e+04
 3.19879e+04
 3.19879e+04
 3.19879e+04
 3.19879e+04
 3.19879e+04
 3.19879e+04
 3.19879e+04
 3.19879e+04
 3.19879e+04
 3.19879e+04
 3.19526e+04
 3.19879e+04
 3.19879e+04
 3.19879e+04
 3.19879e+04
 3.19879e+04
 3.19879e+04
 3.19879e+04
 3.19879e+04
 3.19879e+04
 3.19879e+04
 3.19879e+04
 3.19879e+04
 3.19879e+04
 3.19879e+04
 3.19879e+04
 3.19879e+04
 3.19879e+04
 3.19879e+04
 3.19879e+04
 3.19879e+04
 3.19879e+04
 3.19526e+04
 3.19879e+04
 3.19879e+04
 3.19879e+04
 3.19879e+04
 3.19879e+04
 3.19879e+04
 3.19526e+04
 3.19526e+04
 3.19879e+04
 3.19879e+04
 3.19879e+04
 3.19526e+04
 3.19879e+04
 3.19879e+04
 3.19879e+04
 3.19879e+04
 3.19879e+04
 3.19879e+04
 3.19879e+04
 3.19702e+04
 3.19879e+04
 3.19879e+04
 3.19879e+04
 3.19879e+04
 3.19879e+04
 3.19879e+04
 3.19879e+04
 3.19879e+04
 3.19879e+04
 3.19879e+04
 3.19879e+04
 3.19879e+04
 3.19879e+04
 3.19879e+04
 3.19879e+04
 3.19879e+04
 3.19879e+04
 3.19879e+04
 3.19879e+04
 3.19879e+04
 3.19879e+04
 3.19879e+04
 3.19879e+04
 3.19879e+04
 3.19879e+04
 3.19879e+04
 3.19879e+04
 3.19879e+04
 3.19879e+04
 3.19879e+04
 3.19174e+04
 3.19174e+04
 3.19174e+04
 3.19174e+04
 3.19174e+04
 3.19174e+04
 3.19174e+04
 3.19174e+04
 3.19174e+04
 3.19174e+04
 3.19174e+04
 3.19174e+04
 3.19174e+04
 3.19174e+04
 3.19174e+04
 3.19174e+04
 3.19174e+04
 3.19174e+04
 3.19174e+04
 3.19174e+04
 3.19174e+04
 3.19174e+04
 3.19174e+04
 3.19174e+04
 3.19174e+04
 3.19174e+04
 3.19174e+04
 3.19174e+04
 3.19174e+04
 3.19174e+04
 3.19174e+04
 3.19174e+04
 3.19174e+04
 3.19174e+04
 3.19174e+04
 3.19174e+04
 3.19174e+04
 3.19174e+04
 3.19174e+04
 3.19174e+04
 3.19174e+04
 3.19174e+04
 3.19174e+04
 3.19174e+04
 3.19174e+04
 3.19174e+04
 3.19174e+04
 3.19174e+04
 3.19174e+04
 3.19174e+04
 3.19174e+04
 3.19174e+04
 3.19174e+04
 3.19174e+04
 3.19174e+04
 3.19174e+04
 3.19174e+04
 3.19174e+04
 3.19174e+04
 3.19174e+04
 3.19174e+04
 3.19174e+04
 3.19174e+04
 3.19174e+04
 3.19174e+04
 3.19174e+04
 3.19174e+04
 3.19174e+04
 3.19174e+04
 3.19174e+04
 3.19174e+04
 3.19174e+04
 3.19174e+04
 3.19174e+04
 3.19174e+04
 3.19174e+04
 3.19174e+04
 3.19174e+04
 3.19174e+04
 3.19577e+04
 3.19174e+04
 3.19174e+04
 3.19174e+04
 3.19174e+04
 3.19174e+04
 3.19174e+04
 3.19174e+04
 3.19174e+04
 3.19174e+04
 3.19174e+04
 3.19174e+04
 3.19174e+04
 3.19174e+04
 3.19174e+04
 3.19174e+04
 3.19174e+04
 3.19174e+04
 3.19174e+04
 3.19174e+04
 3.19174e+04
 3.19174e+04
 3.19174e+04
 3.19174e+04
 3.19174e+04
 3.19174e+04
 3.19174e+04
 3.19174e+04
 3.19174e+04
 3.17059e+04
 3.17059e+04
 3.17059e+04
 3.17059e+04
 3.17059e+04
 3.17059e+04
 3.17059e+04
 3.17059e+04
 3.17059e+04
 3.17059e+04
 3.17059e+04
 3.17059e+04
 3.17059e+04
 3.17059e+04
 3.17059e+04
 3.17059e+04
 3.17059e+04
 3.17059e+04
 3.17059e+04
 3.17059e+04
 3.17059e+04
 3.17059e+04
 3.18116e+04
 3.17059e+04
 3.17059e+04
 3.17059e+04
 3.17059e+04
 3.17059e+04
 3.17059e+04
 3.17059e+04
 3.17059e+04
 3.17059e+04
 3.17059e+04
 3.17059e+04
 3.17059e+04
 3.17059e+04
 3.17059e+04
 3.17059e+04
 3.17059e+04
 3.17059e+04
 3.17059e+04
 3.17059e+04
 3.17059e+04
 3.17059e+04
 3.17059e+04
 3.17059e+04
 3.17059e+04
 3.17059e+04
 3.17059e+04
 3.17059e+04
 3.17059e+04
 3.17059e+04
 3.17059e+04
 3.17059e+04
 3.17059e+04
 3.17059e+04
 3.17059e+04
 3.17059e+04
 3.17059e+04
 3.17059e+04
 3.17059e+04
 3.17059e+04
 3.17059e+04
 3.17059e+04
 3.17059e+04
 3.17059e+04
 3.17059e+04
 3.17059e+04
 3.17059e+04
 3.17059e+04
 3.17059e+04
 3.17059e+04
 3.17059e+04
 3.17059e+04
 3.17059e+04
 3.17059e+04
 3.17059e+04
 3.17059e+04
 3.17059e+04
 3.17059e+04
 3.17059e+04
 3.17059e+04
 3.17059e+04
 3.17059e+04
 3.17059e+04
 3.17059e+04
 3.17059e+04
 3.17059e+04
 3.17059e+04
 3.17059e+04
 3.17059e+04
 3.17059e+04
 3.17059e+04
 3.17059e+04
 3.17059e+04
 3.17059e+04
 3.17059e+04
 3.17059e+04
 3.17059e+04
 3.17059e+04
 3.17059e+04
 3.17059e+04
 3.17059e+04
 3.17059e+04
 3.17059e+04
 3.13529e+04
 3.13529e+04
 3.13529e+04
 3.13529e+04
 3.13529e+04
 3.13529e+04
 3.13529e+04
 3.13529e+04
 3.13529e+04
 3.13529e+04
 3.13529e+04
 3.13529e+04
 3.13529e+04
 3.13529e+04
 3.13529e+04
 3.13529e+04
 3.13529e+04
 3.13529e+04
 3.13529e+04
 3.13529e+04
 3.13529e+04
 3.13529e+04
 3.13529e+04
 3.13529e+04
 3.15294e+04
 3.13529e+04
 3.13529e+04
 3.13529e+04
 3.13529e+04
 3.13529e+04
 3.13529e+04
 3.13529e+04
 3.13529e+04
 3.13529e+04
 3.13529e+04
 3.13529e+04
 3.13529e+04
 3.13529e+04
 3.13529e+04
 3.13529e+04
 3.13529e+04
 3.13529e+04
 3.13529e+04
 3.13529e+04
 3.13529e+04
 3.13529e+04
 3.13529e+04
 3.13529e+04
 3.13529e+04
 3.13529e+04
 3.13529e+04
 3.13529e+04
 3.13529e+04
 3.13529e+04
 3.13529e+04
 3.13529e+04
 3.13529e+04
 3.13529e+04
 3.13529e+04
 3.13529e+04
 3.13529e+04
 3.13529e+04
 3.13529e+04
 3.13529e+04
 3.13529e+04
 3.13529e+04
 3.13529e+04
 3.13529e+04
 3.13529e+04
 3.13529e+04
 3.13529e+04
 3.13529e+04
 3.13529e+04
 3.13529e+04
 3.13529e+04
 3.13529e+04
 3.13529e+04
 3.13529e+04
 3.13529e+04
 3.13529e+04
 3.13529e+04
 3.15042e+04
 3.13529e+04
 3.13529e+04
 3.13529e+04
 3.13529e+04
 3.13529e+04
 3.13529e+04
 3.13529e+04
 3.13529e+04
 3.13529e+04
 3.13529e+04
 3.13529e+04
 3.13529e+04
 3.13529e+04
 3.13529e+04
 3.13529e+04
 3.13529e+04
 3.13529e+04
 3.13529e+04
 3.13529e+04
 3.13529e+04
 3.13529e+04
 3.13529e+04
 3.13529e+04
 3.13529e+04
 3.13529e+04
 3.13529e+04
 3.08581e+04
 3.08581e+04
 3.08581e+04
 3.08581e+04
 3.08581e+04
 3.08581e+04
 3.08581e+04
 3.08581e+04
 3.08581e+04
 3.08581e+04
 3.08581e+04
 3.08581e+04
 3.08581e+04
 3.08581e+04
 3.08581e+04
 3.08581e+04
 3.08581e+04
 3.08581e+04
 3.08581e+04
 3.08581e+04
 3.08581e+04
 3.08581e+04
 3.08581e+04
 3.08581e+04
 3.08581e+04
 3.08581e+04
 3.08581e+04
 3.08581e+04
 3.08581e+04
 3.08581e+04
 3.08581e+04
 3.08581e+04
 3.08581e+04
 3.08581e+04
 3.08581e+04
 3.08581e+04
 3.08581e+04
 3.08581e+04
 3.08581e+04
 3.08581e+04
 3.08581e+04
 3.08581e+04
 3.08581e+04
 3.08581e+04
 3.08581e+04
 3.08581e+04
 3.08581e+04
 3.08581e+04
 3.08581e+04
 3.08581e+04
 3.08581e+04
 3.08581e+04
 3.08581e+04
 3.08581e+04
 3.08581e+04
 3.08581e+04
 3.08581e+04
 3.08581e+04
 3.08581e+04
 3.08581e+04
 3.08581e+04
 3.08581e+04
 3.08581e+04
 3.08581e+04
 3.08581e+04
 3.08581e+04
 3.08581e+04
 3.08581e+04
 3.08581e+04
 3.08581e+04
 3.08581e+04
 3.08581e+04
 3.08581e+04
 3.08581e+04
 3.08581e+04
 3.12292e+04
 3.08581e+04
 3.08581e+04
 3.08581e+04
 3.08581e+04
 3.08581e+04
 3.08581e+04
 3.08581e+04
 3.08581e+04
 3.08581e+04
 3.08581e+04
 3.08581e+04
 3.08581e+04
 3.08581e+04
 3.08581e+04
 3.08581e+04
 3.08581e+04
 3.08581e+04
 3.08581e+04
 3.08581e+04
 3.08581e+04
 3.08581e+04
 3.08581e+04
 3.08581e+04
 3.08581e+04
 3.08581e+04
 3.08581e+04
 3.08581e+04
 3.08581e+04
 3.08581e+04
 3.08581e+04
 3.08581e+04
 3.08581e+04
 3.08581e+04
 6.17179e+05
 6.17179e+05
 6.17179e+05
 6.17179e+05
 6.17179e+05
 6.17179e+05
 6.17179e+05
 6.17179e+05
 6.17179e+05
 6.17179e+05
 6.17179e+05
 6.17179e+05
 6.17179e+05
 6.17179e+05
 6.17179e+05
 6.17179e+05
 6.17179e+05
 6.17179e+05
 6.17179e+05
 6.17179e+05
 6.17179e+05
 6.17179e+05
 6.17179e+05
 6.17179e+05
 6.17179e+05
 6.17179e+05
 6.17179e+05
 6.17179e+05
 6.17179e+05
 6.17179e+05
 6.17179e+05
 6.17179e+05
 6.17179e+05
 6.17179e+05
 6.17179e+05
 6.17179e+05
 6.17179e+05
 6.17179e+05
 3.24018e+05
 6.17179e+05
 6.17179e+05
 6.17179e+05
 6.17179e+05
 6.17179e+05
 6.17179e+05
 6.17179e+05
 6.17179e+05
 6.17179e+05
 6.17179e+05
 6.17179e+05
 6.17179e+05
 6.17179e+05
 6.17179e+05
 6.17179e+05
 6.17179e+05
 6.17179e+05
 6.17179e+05
 6.17179e+05
 6.17179e+05
 6.17179e+05
 6.17179e+05
 6.17179e+05
 6.17179e+05
 6.17179e+05
 6.17179e+05
 3.24018e+05
 6.17179e+05
 6.17179e+05
 6.17179e+05
 6.17179e+05
 6.17179e+05
 6.17179e+05
 6.17179e+05
 4.70599e+05
 6.17179e+05
 6.17179e+05
 6.17179e+05
 6.17179e+05
 6.17179e+05
 6.17179e+05
 6.17179e+05
 6.17179e+05
 6.17179e+05
 6.17179e+05
 6.17179e+05
 6.17179e+05
 6.17179e+05
 6.17179e+05
 6.17179e+05
 6.17179e+05
 6.17179e+05
 6.17179e+05
 6.17179e+05
 6.17179e+05
 6.17179e+05
 6.17179e+05
 6.17179e+05
 6.17179e+05
 6.17179e+05
 6.17179e+05
 6.17179e+05
 6.17179e+05
 6.17179e+05
 6.17179e+05
 6.17179e+05
 6.17179e+05
 6.17179e+05
 6.01891e+05
 0.00000e+00
 0.00000e+00
 0.00000e+00
 0.00000e+00
 0.00000e+00
 0.00000e+00
 0.00000e+00
 0.00000e+00
 0.00000e+00
 0.00000e+00
 0.00000e+00
 0.00000e+00
 0.00000e+00
 0.00000e+00
 0.00000e+00
 0.00000e+00
 0.00000e+00
 0.00000e+00
 0.00000e+00
 0.00000e+00
 0.00000e+00
 0.00000e+00
 0.00000e+00
 0.00000e+00
 0.00000e+00
 6.08585e-26
 2.98263e-25
 0.00000e+00
 0.00000e+00
 0.00000e+00
 0.00000e+00
 0.00000e+00
 0.00000e+00
 0.00000e+00
 0.00000e+00
 1.41237e-24
 0.00000e+00
 0.00000e+00
 3.08589e+05
-2.37404e-25
 0.00000e+00
 0.00000e+00
 0.00000e+00
 0.00000e+00
 0.00000e+00
 0.00000e+00
 0.00000e+00
 0.00000e+00
 0.00000e+00
 0.00000e+00
 0.00000e+00
 0.00000e+00
 0.00000e+00
 0.00000e+00
 0.00000e+00
 0.00000e+00
 0.00000e+00
 0.00000e+00
 0.00000e+00
 0.00000e+00
 0.00000e+00
 0.00000e+00
 0.00000e+00
 0.00000e+00
 0.00000e+00
 0.00000e+00
 8.82728e-26
 0.00000e+00
 3.08589e+05
 2.79430e-24
-2.76387e-24
 0.00000e+00
 0.00000e+00
 0.00000e+00
 0.00000e+00
 0.00000e+00
 0.00000e+00
 0.00000e+00
 0.00000e+00
 0.00000e+00
 0.00000e+00
 0.00000e+00
 0.00000e+00
 2.85516e-24
 0.00000e+00
 0.00000e+00
 0.00000e+00
 0.00000e+00
 1.29668e-24
 0.00000e+00
 6.01891e+05
 0.00000e+00
 0.00000e+00
 0.00000e+00
 0.00000e+00
 0.00000e+00
 0.00000e+00
 0.00000e+00
 0.00000e+00
 0.00000e+00
 0.00000e+00
 0.00000e+00
 0.00000e+00
 0.00000e+00
 0.00000e+00
 0.00000e+00
 0.00000e+00
