scalar
part
         1
coordinates
 3.15768e+05
 3.27942e+05
 3.27942e+05
 0.00000e+00
 3.27942e+05
 0.00000e+00
 3.27942e+05
 0.00000e+00
 3.27942e+05
 0.00000e+00
 3.27942e+05
 0.00000e+00
 3.27942e+05
 0.00000e+00
 3.27942e+05
 0.00000e+00
 3.64089e-11
 3.27942e+05
 0.00000e+00
 3.27942e+05
 0.00000e+00
 3.27942e+05
 0.00000e+00
 3.27942e+05
 0.00000e+00
 3.27942e+05
 3.27942e+05
 0.00000e+00
 3.27942e+05
 3.64089e-11
 3.27942e+05
-7.28177e-11
 3.27942e+05
-7.28177e-11
 3.27942e+05
-7.28177e-11
 0.00000e+00
 3.27942e+05
 3.64089e-11
 3.27942e+05
 0.00000e+00
 3.27942e+05
 0.00000e+00
 3.27942e+05
 0.00000e+00
 3.27942e+05
 0.00000e+00
 3.27942e+05
 0.00000e+00
 3.27942e+05
 0.00000e+00
 3.27942e+05
 0.00000e+00
 3.27942e+05
 0.00000e+00
 3.27942e+05
-7.28177e-11
 3.27942e+05
-7.28177e-11
 3.27942e+05
 0.00000e+00
 3.27942e+05
-7.28177e-11
 3.27942e+05
 3.27942e+05
 0.00000e+00
 0.00000e+00
 3.27942e+05
 0.00000e+00
 3.27942e+05
 0.00000e+00
 3.27942e+05
 0.00000e+00
 3.27942e+05
 0.00000e+00
 3.27942e+05
 0.00000e+00
 3.27942e+05
 3.45791e-25
 3.27942e+05
 3.27942e+05
 0.00000e+00
-5.76319e-25
 3.27942e+05
-1.82044e-10
 3.27942e+05
 3.27942e+05
 0.00000e+00
 3.27942e+05
 3.27942e+05
 0.00000e+00
 3.27942e+05
-7.28177e-11
 3.27942e+05
 0.00000e+00
 3.27942e+05
 0.00000e+00
 3.27942e+05
 0.00000e+00
 3.27942e+05
 0.00000e+00
 3.27942e+05
 0.00000e+00
 3.27942e+05
 0.00000e+00
 3.27942e+05
 0.00000e+00
 3.27942e+05
 3.15768e+05
 2.44564e+04
 2.44564e+04
 2.44564e+04
 2.44564e+04
 2.44564e+04
 2.44564e+04
 2.44564e+04
 2.44564e+04
 2.44564e+04
 2.44564e+04
 2.44564e+04
 2.44564e+04
 2.44564e+04
 2.44564e+04
 2.44564e+04
 2.44564e+04
 2.44564e+04
 2.44564e+04
 2.44564e+04
 2.44564e+04
 2.44564e+04
 2.44564e+04
 2.44564e+04
 2.44564e+04
 2.44564e+04
 2.44564e+04
 2.44564e+04
 2.44564e+04
 2.44564e+04
 2.44564e+04
 2.44564e+04
 2.44564e+04
 2.44564e+04
 2.44564e+04
 2.44564e+04
 2.44564e+04
 2.44564e+04
 2.44564e+04
 2.44564e+04
 2.44564e+04
 2.44564e+04
 2.44564e+04
 2.44564e+04
 2.44564e+04
 2.44564e+04
 2.44564e+04
 2.44564e+04
 2.44564e+04
 2.44564e+04
 2.44564e+04
 2.44564e+04
 2.44564e+04
 2.44564e+04
 2.44564e+04
 2.45651e+04
 2.45651e+04
 2.45651e+04
 2.45651e+04
 2.45651e+04
 2.45651e+04
 2.45651e+04
 2.45651e+04
 2.45651e+04
 2.45651e+04
 2.45651e+04
 2.45651e+04
 2.45651e+04
 2.45651e+04
 2.45651e+04
 2.45651e+04
 2.45651e+04
 2.45651e+04
 2.45651e+04
 2.45651e+04
 2.45651e+04
 2.45651e+04
 2.45651e+04
 2.45651e+04
 2.45651e+04
 2.45651e+04
 2.45651e+04
 2.45651e+04
 2.45651e+04
 2.45651e+04
 2.45651e+04
 2.45651e+04
 2.45651e+04
 2.45651e+04
 2.45651e+04
 2.45651e+04
 2.45651e+04
 2.45651e+04
 2.45651e+04
 2.45651e+04
 2.45651e+04
 2.45651e+04
 2.45651e+04
 2.45651e+04
 2.45651e+04
 2.45651e+04
 2.45651e+04
 2.45651e+04
 2.45651e+04
 2.45651e+04
 2.45651e+04
 2.45651e+04
 2.45651e+04
 2.45651e+04
 2.44564e+04
 2.44564e+04
 2.44564e+04
 2.44564e+04
 2.44564e+04
 2.44564e+04
 2.44564e+04
 2.44564e+04
 2.44564e+04
 2.44564e+04
 2.44564e+04
 2.44564e+04
 2.44564e+04
 2.44564e+04
 2.44564e+04
 2.44564e+04
 2.44564e+04
 2.44564e+04
 2.44564e+04
 2.44564e+04
 2.44564e+04
 2.44564e+04
 2.44564e+04
 2.44564e+04
 2.44564e+04
 2.44564e+04
 2.44564e+04
 2.44564e+04
 2.44564e+04
 2.44564e+04
 2.44564e+04
 2.44564e+04
 2.44564e+04
 2.44564e+04
 2.44564e+04
 2.44564e+04
 2.44564e+04
 2.44564e+04
 2.44564e+04
 2.44564e+04
 2.44564e+04
 2.44564e+04
 2.44564e+04
 2.44564e+04
 2.44564e+04
 2.44564e+04
 2.44564e+04
 2.44564e+04
 2.44564e+04
 2.44564e+04
 2.44564e+04
 2.44564e+04
 3.27942e+05
 3.27942e+05
 3.27942e+05
 3.27942e+05
 3.27942e+05
 3.27942e+05
 3.27942e+05
 3.27942e+05
 3.27942e+05
 3.27942e+05
 3.27942e+05
 3.27942e+05
 3.27942e+05
 3.27942e+05
 3.27942e+05
 3.27942e+05
 3.27942e+05
 3.27942e+05
 3.27942e+05
 3.27942e+05
 3.27942e+05
 3.27942e+05
 3.27942e+05
 3.27942e+05
 3.27942e+05
 3.27942e+05
 3.27942e+05
 3.27942e+05
 3.27942e+05
 3.27942e+05
 3.27942e+05
 3.27942e+05
 3.27942e+05
 3.27942e+05
 3.27942e+05
 3.27942e+05
 3.27942e+05
 3.27942e+05
 3.27942e+05
 3.27942e+05
 3.27942e+05
 3.27942e+05
 3.27942e+05
 3.27942e+05
 3.27942e+05
 3.27942e+05
 3.27942e+05
 3.27942e+05
 3.27942e+05
 3.27942e+05
 3.27942e+05
 3.27942e+05
 3.27942e+05
 3.27942e+05
 3.15768e+05
 0.00000e+00
 0.00000e+00
 0.00000e+00
 0.00000e+00
 0.00000e+00
 0.00000e+00
 0.00000e+00
 0.00000e+00
 0.00000e+00
 0.00000e+00
 0.00000e+00
 0.00000e+00
 0.00000e+00
 0.00000e+00
 0.00000e+00
 0.00000e+00
 0.00000e+00
 4.61055e-26
 0.00000e+00
 0.00000e+00
 0.00000e+00
 0.00000e+00
 0.00000e+00
 0.00000e+00
 0.00000e+00
 0.00000e+00
 0.00000e+00
 0.00000e+00
 0.00000e+00
 0.00000e+00
 0.00000e+00
 0.00000e+00
 8.08439e-27
 0.00000e+00
 0.00000e+00
 0.00000e+00
 0.00000e+00
 0.00000e+00
 0.00000e+00
 3.45791e-25
-5.76319e-25
 0.00000e+00
-2.76633e-25
 0.00000e+00
 0.00000e+00
 0.00000e+00
 0.00000e+00
 0.00000e+00
 0.00000e+00
 0.00000e+00
 0.00000e+00
 0.00000e+00
 3.15768e+05
