scalar
part
         1
coordinates
 1.66513e+05
 1.73712e+05
 1.73712e+05
 1.92859e-11
 1.73712e+05
 1.92859e-11
 1.73712e+05
 1.92859e-11
-3.23117e-27
 1.73712e+05
 1.92859e-11
 1.73712e+05
 1.92859e-11
 1.73712e+05
 1.92859e-11
 3.23117e-27
 1.73712e+05
 1.92859e-11
 1.73712e+05
 0.00000e+00
 0.00000e+00
 1.73712e+05
 1.92859e-11
 1.73712e+05
 0.00000e+00
 1.73712e+05
 1.92859e-11
 1.73712e+05
 0.00000e+00
 1.73712e+05
 1.73712e+05
 1.92859e-11
-5.46170e-26
 1.73712e+05
 1.92859e-11
 1.73712e+05
 1.92859e-11
 1.73712e+05
-4.24799e-26
 1.73712e+05
 1.73712e+05
 1.73712e+05
 1.73712e+05
 1.92859e-11
 1.73712e+05
 1.92859e-11
 1.73712e+05
 1.92859e-11
 1.73712e+05
 1.92859e-11
 1.73712e+05
 0.00000e+00
 1.73712e+05
 1.66513e+05
 1.73712e+05
 1.73712e+05
 1.73712e+05
 1.73712e+05
 1.73712e+05
 1.73712e+05
 1.73712e+05
 1.73712e+05
 1.73712e+05
 1.73712e+05
 1.73712e+05
 1.73712e+05
 1.73712e+05
 1.73712e+05
 1.73712e+05
 1.73712e+05
 1.73712e+05
 1.73712e+05
 1.73712e+05
 1.73712e+05
 1.73712e+05
 1.73712e+05
 1.73712e+05
 1.73712e+05
 1.73712e+05
 1.73712e+05
 1.73712e+05
 1.73712e+05
 1.66513e+05
 0.00000e+00
 0.00000e+00
 0.00000e+00
 0.00000e+00
 0.00000e+00
 0.00000e+00
 0.00000e+00
 0.00000e+00
 0.00000e+00
 0.00000e+00
 0.00000e+00
 0.00000e+00
 0.00000e+00
 0.00000e+00
 0.00000e+00
 0.00000e+00
-5.46170e-26
 0.00000e+00
 0.00000e+00
 0.00000e+00
-4.03388e-26
 0.00000e+00
 0.00000e+00
 0.00000e+00
 0.00000e+00
 1.66513e+05
