scalar
part
         1
coordinates
 1.70102e+05
 1.70122e+05
 1.70122e+05
 1.88874e-11
 1.70122e+05
 1.88874e-11
 1.70122e+05
 1.88874e-11
 0.00000e+00
 1.70122e+05
 1.88874e-11
 1.70122e+05
 1.88874e-11
 1.70122e+05
 1.88874e-11
 3.23117e-27
 1.70122e+05
 1.88874e-11
 1.70122e+05
 0.00000e+00
 0.00000e+00
 1.70122e+05
 1.88874e-11
 1.70122e+05
 0.00000e+00
 1.70122e+05
 1.88874e-11
 1.70122e+05
 0.00000e+00
 1.70122e+05
 1.70122e+05
 1.88874e-11
-5.66079e-26
 1.70122e+05
 1.88874e-11
 1.70122e+05
 1.88874e-11
 1.70122e+05
-4.40283e-26
 1.70122e+05
 1.70122e+05
 1.70122e+05
 1.70122e+05
 1.88874e-11
 1.70122e+05
 1.88874e-11
 1.70122e+05
 1.88874e-11
 1.70122e+05
 1.88874e-11
 1.70122e+05
 0.00000e+00
 1.70122e+05
 1.70102e+05
 1.70122e+05
 1.70122e+05
 1.70122e+05
 1.70122e+05
 1.70122e+05
 1.70122e+05
 1.70122e+05
 1.70122e+05
 1.70122e+05
 1.70122e+05
 1.70122e+05
 1.70122e+05
 1.70122e+05
 1.70122e+05
 1.70122e+05
 1.70122e+05
 1.70122e+05
 1.70122e+05
 1.70122e+05
 1.70122e+05
 1.70122e+05
 1.70122e+05
 1.70122e+05
 1.70122e+05
 1.70122e+05
 1.70122e+05
 1.70122e+05
 1.70122e+05
 1.70102e+05
 0.00000e+00
 0.00000e+00
 0.00000e+00
 0.00000e+00
 0.00000e+00
 0.00000e+00
 0.00000e+00
 0.00000e+00
 0.00000e+00
 0.00000e+00
 0.00000e+00
 0.00000e+00
 0.00000e+00
 0.00000e+00
 0.00000e+00
 0.00000e+00
-5.66079e-26
 0.00000e+00
 0.00000e+00
 0.00000e+00
-4.19314e-26
 0.00000e+00
 0.00000e+00
 0.00000e+00
 0.00000e+00
 1.70102e+05
