scalar
part
         1
coordinates
 6.80377e+05
 6.80391e+05
 6.80391e+05
 0.00000e+00
 6.80391e+05
 0.00000e+00
 6.80391e+05
 0.00000e+00
 6.80391e+05
 0.00000e+00
 6.80391e+05
 0.00000e+00
 6.80391e+05
 0.00000e+00
 1.51077e-10
 6.80391e+05
 0.00000e+00
 6.80391e+05
 0.00000e+00
 6.80391e+05
 0.00000e+00
 6.80391e+05
 0.00000e+00
 6.80391e+05
 0.00000e+00
 6.80391e+05
 0.00000e+00
 6.80391e+05
 0.00000e+00
 6.80391e+05
 0.00000e+00
 6.80391e+05
 0.00000e+00
 6.80391e+05
 0.00000e+00
 6.80391e+05
 0.00000e+00
 6.80391e+05
 0.00000e+00
 6.80391e+05
 0.00000e+00
 0.00000e+00
 6.80391e+05
 0.00000e+00
 6.80391e+05
 0.00000e+00
 6.80391e+05
 0.00000e+00
 6.80391e+05
 0.00000e+00
 6.80391e+05
 6.70918e-26
 2.68361e-25
 6.80391e+05
 6.80391e+05
 0.00000e+00
 6.80391e+05
 7.55386e-11
 6.80391e+05
 0.00000e+00
 6.80391e+05
 0.00000e+00
 6.80391e+05
-1.51077e-10
 6.80391e+05
 0.00000e+00
 6.80391e+05
 6.80391e+05
 0.00000e+00
 1.81143e-24
 6.80391e+05
 3.40196e+05
 1.51077e-10
 0.00000e+00
 6.80391e+05
 6.80391e+05
 2.26616e-10
 6.80391e+05
 0.00000e+00
 6.80391e+05
 0.00000e+00
 6.80391e+05
 0.00000e+00
 6.80391e+05
 0.00000e+00
 6.80391e+05
 0.00000e+00
 6.80391e+05
 0.00000e+00
 6.80391e+05
 0.00000e+00
 6.80391e+05
 0.00000e+00
 6.80391e+05
-1.51077e-10
 6.80391e+05
 0.00000e+00
 6.80391e+05
 0.00000e+00
 6.80391e+05
 2.26616e-10
 6.80391e+05
 0.00000e+00
 6.80391e+05
 0.00000e+00
 6.80391e+05
 2.26797e+05
 0.00000e+00
 6.80391e+05
 6.80391e+05
-1.51077e-10
 6.80391e+05
 0.00000e+00
 6.80391e+05
 0.00000e+00
 3.40196e+05
-1.51077e-10
 6.80391e+05
 0.00000e+00
 7.55386e-11
 6.80391e+05
 0.00000e+00
 6.80391e+05
 0.00000e+00
 6.80391e+05
 0.00000e+00
 6.80391e+05
 0.00000e+00
 6.80391e+05
 6.80391e+05
 3.40196e+05
 6.80391e+05
 0.00000e+00
-3.35459e-26
 6.80391e+05
 3.28740e-24
-3.18677e-24
 3.40196e+05
-1.51077e-10
 6.80391e+05
 6.80391e+05
 0.00000e+00
 6.80391e+05
 3.40196e+05
-1.51077e-10
 6.80391e+05
 0.00000e+00
 6.80391e+05
 0.00000e+00
 1.70098e+05
-1.51077e-10
 6.80391e+05
 6.80391e+05
 0.00000e+00
 6.80391e+05
 0.00000e+00
 6.80391e+05
 0.00000e+00
 2.91596e+05
 0.00000e+00
 2.91596e+05
 0.00000e+00
 6.80391e+05
 6.80391e+05
 0.00000e+00
 6.80391e+05
 3.11968e-24
 6.80391e+05
 6.80391e+05
 0.00000e+00
 0.00000e+00
 6.80391e+05
 0.00000e+00
 6.80391e+05
 0.00000e+00
 6.80391e+05
-7.55386e-10
 0.00000e+00
 6.80391e+05
 6.80391e+05
 6.80377e+05
 6.80391e+05
 6.80391e+05
 6.80391e+05
 0.00000e+00
 6.80391e+05
-1.51077e-10
 6.80391e+05
 0.00000e+00
 6.80391e+05
 0.00000e+00
 6.80391e+05
 6.80391e+05
 0.00000e+00
 6.80391e+05
 0.00000e+00
 6.80391e+05
 6.80391e+05
 0.00000e+00
 6.80391e+05
 6.80391e+05
 6.80391e+05
 6.80391e+05
 0.00000e+00
 6.80391e+05
-1.51077e-10
-1.51077e-10
 6.80391e+05
 0.00000e+00
 6.80391e+05
 0.00000e+00
 6.80391e+05
 6.80391e+05
 6.80391e+05
 6.80391e+05
 6.80391e+05
 6.80391e+05
 0.00000e+00
 6.80391e+05
-1.51077e-10
 6.80391e+05
 0.00000e+00
 6.80391e+05
 0.00000e+00
 6.80391e+05
-1.51077e-10
 6.80391e+05
 0.00000e+00
 2.87845e+01
 2.87845e+01
 2.87845e+01
 2.87845e+01
 2.87845e+01
 2.87845e+01
 2.87845e+01
 2.87845e+01
 2.87845e+01
 2.87845e+01
 2.87845e+01
 2.87845e+01
 2.87845e+01
 2.87845e+01
 2.87845e+01
 2.87845e+01
 2.87845e+01
 2.87845e+01
 2.87845e+01
 2.87845e+01
 2.87845e+01
 3.40210e+05
 2.87845e+01
 2.87845e+01
 2.87845e+01
 2.87845e+01
 2.87845e+01
 2.87845e+01
 2.87845e+01
 3.40210e+05
 2.87845e+01
 2.87845e+01
 2.87845e+01
 3.40210e+05
 2.87845e+01
 2.87845e+01
 2.87845e+01
 2.87845e+01
 2.87845e+01
 2.87845e+01
 2.87845e+01
 2.87845e+01
 2.87845e+01
 2.87845e+01
 2.87845e+01
 2.87845e+01
 2.87845e+01
 2.87845e+01
 2.87845e+01
 2.87845e+01
 2.87845e+01
 2.87845e+01
 2.87845e+01
 2.87845e+01
 2.87845e+01
 2.87845e+01
 2.26816e+05
 2.87845e+01
 2.87845e+01
 2.87845e+01
 2.87845e+01
 3.40210e+05
 2.87845e+01
 2.87845e+01
 3.40210e+05
 2.87845e+01
 2.87845e+01
 4.53604e+05
 2.87845e+01
 3.40210e+05
 3.40210e+05
 2.87845e+01
 2.87845e+01
 3.40210e+05
 2.87845e+01
 2.87845e+01
 3.40210e+05
 2.87845e+01
 2.87845e+01
 2.87845e+01
 1.70119e+05
 2.87845e+01
 2.87845e+01
 2.87845e+01
 2.87845e+01
 2.91613e+05
 2.87845e+01
 2.91613e+05
 2.87845e+01
 2.87845e+01
 2.87845e+01
 2.87845e+01
 2.87845e+01
 2.87845e+01
 2.87845e+01
 2.87845e+01
 2.87845e+01
 2.87845e+01
 2.87845e+01
 2.87845e+01
 2.87845e+01
 2.87845e+01
 2.87845e+01
 2.87845e+01
 2.87845e+01
 2.87845e+01
 2.87845e+01
 2.87845e+01
 2.87845e+01
 2.87845e+01
 2.87845e+01
 2.87845e+01
 2.87845e+01
 2.87845e+01
 2.87845e+01
 2.87845e+01
 2.87845e+01
 2.87845e+01
 2.87845e+01
 2.87849e+01
 2.87849e+01
 2.87849e+01
 2.87849e+01
 2.87849e+01
 2.87849e+01
 2.87849e+01
 2.87849e+01
 2.87849e+01
 2.87849e+01
 2.87849e+01
 2.87849e+01
 2.87849e+01
 2.87849e+01
 2.87849e+01
 2.87849e+01
 2.87849e+01
 2.87849e+01
 2.87849e+01
 2.87849e+01
 2.87849e+01
 2.87849e+01
 2.87849e+01
 2.87849e+01
 2.87847e+01
 2.87849e+01
 2.87849e+01
 2.87849e+01
 2.87849e+01
 2.87849e+01
 2.87849e+01
 2.87849e+01
 2.87849e+01
 2.87849e+01
 2.87849e+01
 2.87849e+01
 2.87849e+01
 2.87849e+01
 2.87849e+01
 2.87849e+01
 2.87849e+01
 2.87849e+01
 2.87849e+01
 2.87849e+01
 2.87849e+01
 2.87849e+01
 2.87849e+01
 2.87849e+01
 2.87849e+01
 2.87849e+01
 2.87849e+01
 2.87849e+01
 2.87849e+01
 2.87849e+01
 2.87849e+01
 2.87849e+01
 2.87849e+01
 2.87849e+01
 2.87849e+01
 2.87849e+01
 2.87849e+01
 2.87849e+01
 2.87849e+01
 2.87849e+01
 2.87849e+01
 2.87849e+01
 2.87849e+01
 2.87849e+01
 2.87847e+01
 2.87849e+01
 2.87849e+01
 2.87849e+01
 2.87849e+01
 2.87849e+01
 2.87849e+01
 2.87849e+01
 2.87849e+01
 2.87849e+01
 2.87849e+01
 2.87849e+01
 2.87849e+01
 2.87849e+01
 2.87849e+01
 2.87849e+01
 2.87849e+01
 2.87849e+01
 2.87849e+01
 2.87849e+01
 2.87849e+01
 2.87849e+01
 2.87849e+01
 2.87849e+01
 2.87849e+01
 2.87849e+01
 2.87849e+01
 2.87849e+01
 2.87849e+01
 2.87849e+01
 2.87849e+01
 2.87849e+01
 2.87849e+01
 2.87849e+01
 2.87849e+01
 2.87849e+01
 2.87849e+01
 2.87849e+01
 2.87849e+01
 2.87849e+01
 2.87851e+01
 2.87851e+01
 2.87851e+01
 2.87851e+01
 2.87851e+01
 2.87851e+01
 2.87851e+01
 2.87851e+01
 2.87851e+01
 2.87851e+01
 2.87851e+01
 2.87851e+01
 2.87851e+01
 2.87851e+01
 2.87851e+01
 2.87851e+01
 2.87851e+01
 2.87851e+01
 2.87851e+01
 2.87851e+01
 2.87850e+01
 2.87851e+01
 2.87851e+01
 2.87851e+01
 2.87851e+01
 2.87851e+01
 2.87851e+01
 2.87851e+01
 2.87851e+01
 2.87851e+01
 2.87850e+01
 2.87851e+01
 2.87851e+01
 2.87851e+01
 2.87851e+01
 2.87851e+01
 2.87851e+01
 2.87851e+01
 2.87851e+01
 2.87851e+01
 2.87851e+01
 2.87851e+01
 2.87851e+01
 2.87851e+01
 2.87851e+01
 2.87851e+01
 2.87851e+01
 2.87851e+01
 2.87851e+01
 2.87851e+01
 2.87851e+01
 2.87851e+01
 2.87851e+01
 2.87851e+01
 2.87851e+01
 2.87850e+01
 2.87851e+01
 2.87851e+01
 2.87851e+01
 2.87851e+01
 2.87850e+01
 2.87851e+01
 2.87851e+01
 2.87851e+01
 2.87851e+01
 2.87851e+01
 2.87851e+01
 2.87849e+01
 2.87851e+01
 2.87851e+01
 2.87851e+01
 2.87851e+01
 2.87851e+01
 2.87851e+01
 2.87851e+01
 2.87851e+01
 2.87851e+01
 2.87851e+01
 2.87851e+01
 2.87851e+01
 2.87851e+01
 2.87851e+01
 2.87851e+01
 2.87851e+01
 2.87851e+01
 2.87851e+01
 2.87851e+01
 2.87851e+01
 2.87851e+01
 2.87851e+01
 2.87851e+01
 2.87851e+01
 2.87851e+01
 2.87851e+01
 2.87851e+01
 2.87851e+01
 2.87851e+01
 2.87851e+01
 2.87851e+01
 2.87851e+01
 2.87851e+01
 2.87851e+01
 2.87851e+01
 2.87851e+01
 2.87851e+01
 2.87851e+01
 2.87851e+01
 2.87851e+01
 2.87851e+01
 2.87852e+01
 2.87852e+01
 2.87852e+01
 2.87852e+01
 2.87852e+01
 2.87852e+01
 2.87852e+01
 2.87852e+01
 2.87852e+01
 2.87852e+01
 2.87852e+01
 2.87852e+01
 2.87852e+01
 2.87852e+01
 2.87852e+01
 2.87852e+01
 2.87852e+01
 2.87852e+01
 2.87852e+01
 2.87852e+01
 2.87852e+01
 2.87852e+01
 2.87852e+01
 2.87852e+01
 2.87852e+01
 2.87852e+01
 2.87852e+01
 2.87852e+01
 2.87852e+01
 2.87852e+01
 2.87852e+01
 2.87852e+01
 2.87852e+01
 2.87852e+01
 2.87852e+01
 2.87852e+01
 2.87852e+01
 2.87852e+01
 2.87852e+01
 2.87852e+01
 2.87852e+01
 2.87852e+01
 2.87852e+01
 2.87852e+01
 2.87852e+01
 2.87852e+01
 2.87852e+01
 2.87852e+01
 2.87852e+01
 2.87852e+01
 2.87852e+01
 2.87852e+01
 2.87852e+01
 2.87852e+01
 2.87852e+01
 2.87852e+01
 2.87852e+01
 2.87852e+01
 2.87852e+01
 2.87852e+01
 2.87852e+01
 2.87852e+01
 2.87852e+01
 2.87852e+01
 2.87852e+01
 2.87852e+01
 2.87852e+01
 2.87852e+01
 2.87852e+01
 2.87852e+01
 2.87852e+01
 2.87852e+01
 2.87852e+01
 2.87852e+01
 2.87852e+01
 2.87852e+01
 2.87852e+01
 2.87852e+01
 2.87852e+01
 2.87852e+01
 2.87852e+01
 2.87852e+01
 2.87852e+01
 2.87852e+01
 2.87852e+01
 2.87852e+01
 2.87852e+01
 2.87852e+01
 2.87852e+01
 2.87852e+01
 2.87852e+01
 2.87852e+01
 2.87852e+01
 2.87852e+01
 2.87852e+01
 2.87852e+01
 2.87852e+01
 2.87852e+01
 2.87852e+01
 2.87852e+01
 2.87852e+01
 2.87852e+01
 2.87852e+01
 2.87852e+01
 2.87852e+01
 2.87852e+01
 2.87852e+01
 2.87852e+01
 2.87852e+01
 2.87852e+01
 2.87852e+01
 2.87852e+01
 2.87852e+01
 2.87852e+01
 2.87852e+01
 2.87852e+01
 2.87852e+01
 2.87852e+01
 2.87852e+01
 2.87852e+01
 2.87853e+01
 2.87853e+01
 2.87853e+01
 2.87853e+01
 2.87853e+01
 2.87853e+01
 2.87853e+01
 2.87853e+01
 2.87853e+01
 2.87853e+01
 2.87853e+01
 2.87853e+01
 2.87853e+01
 2.87853e+01
 2.87853e+01
 2.87853e+01
 2.87853e+01
 2.87853e+01
 2.87853e+01
 2.87853e+01
 2.87853e+01
 2.87853e+01
 2.87853e+01
 2.87853e+01
 2.87853e+01
 2.87853e+01
 2.87853e+01
 2.87853e+01
 2.87853e+01
 2.87853e+01
 2.87853e+01
 2.87853e+01
 2.87853e+01
 2.87853e+01
 2.87853e+01
 2.87853e+01
 2.87853e+01
 2.87853e+01
 2.87853e+01
 2.87853e+01
 2.87853e+01
 2.87853e+01
 2.87853e+01
 2.87853e+01
 2.87853e+01
 2.87853e+01
 2.87853e+01
 2.87853e+01
 2.87853e+01
 2.87853e+01
 2.87853e+01
 2.87853e+01
 2.87853e+01
 2.87853e+01
 2.87853e+01
 2.87853e+01
 2.87853e+01
 2.87853e+01
 2.87853e+01
 2.87853e+01
 2.87853e+01
 2.87853e+01
 2.87853e+01
 2.87853e+01
 2.87853e+01
 2.87853e+01
 2.87853e+01
 2.87853e+01
 2.87853e+01
 2.87853e+01
 2.87853e+01
 2.87853e+01
 2.87853e+01
 2.87853e+01
 2.87853e+01
 2.87853e+01
 2.87853e+01
 2.87853e+01
 2.87853e+01
 2.87853e+01
 2.87853e+01
 2.87853e+01
 2.87853e+01
 2.87853e+01
 2.87853e+01
 2.87853e+01
 2.87853e+01
 2.87853e+01
 2.87853e+01
 2.87853e+01
 2.87853e+01
 2.87853e+01
 2.87853e+01
 2.87853e+01
 2.87853e+01
 2.87853e+01
 2.87853e+01
 2.87853e+01
 2.87853e+01
 2.87853e+01
 2.87853e+01
 2.87853e+01
 2.87853e+01
 2.87853e+01
 2.87853e+01
 2.87853e+01
 2.87853e+01
 2.87853e+01
 2.87853e+01
 2.87853e+01
 2.87853e+01
 2.87853e+01
 2.87853e+01
 2.87852e+01
 2.87852e+01
 2.87852e+01
 2.87852e+01
 2.87852e+01
 2.87852e+01
 2.87852e+01
 2.87852e+01
 2.87852e+01
 2.87852e+01
 2.87852e+01
 2.87852e+01
 2.87852e+01
 2.87852e+01
 2.87852e+01
 2.87852e+01
 2.87852e+01
 2.87852e+01
 2.87852e+01
 2.87852e+01
 2.87852e+01
 2.87852e+01
 2.87852e+01
 2.87852e+01
 2.87852e+01
 2.87852e+01
 2.87852e+01
 2.87852e+01
 2.87852e+01
 2.87852e+01
 2.87852e+01
 2.87852e+01
 2.87852e+01
 2.87852e+01
 2.87852e+01
 2.87852e+01
 2.87852e+01
 2.87852e+01
 2.87852e+01
 2.87852e+01
 2.87852e+01
 2.87852e+01
 2.87852e+01
 2.87852e+01
 2.87852e+01
 2.87852e+01
 2.87852e+01
 2.87852e+01
 2.87852e+01
 2.87852e+01
 2.87852e+01
 2.87852e+01
 2.87852e+01
 2.87852e+01
 2.87852e+01
 2.87852e+01
 2.87852e+01
 2.87852e+01
 2.87852e+01
 2.87852e+01
 2.87852e+01
 2.87852e+01
 2.87852e+01
 2.87852e+01
 2.87852e+01
 2.87852e+01
 2.87852e+01
 2.87852e+01
 2.87852e+01
 2.87852e+01
 2.87852e+01
 2.87852e+01
 2.87852e+01
 2.87852e+01
 2.87852e+01
 2.87852e+01
 2.87852e+01
 2.87852e+01
 2.87852e+01
 2.87853e+01
 2.87852e+01
 2.87852e+01
 2.87852e+01
 2.87852e+01
 2.87852e+01
 2.87852e+01
 2.87852e+01
 2.87852e+01
 2.87852e+01
 2.87852e+01
 2.87852e+01
 2.87852e+01
 2.87852e+01
 2.87852e+01
 2.87852e+01
 2.87852e+01
 2.87852e+01
 2.87852e+01
 2.87852e+01
 2.87852e+01
 2.87852e+01
 2.87852e+01
 2.87852e+01
 2.87852e+01
 2.87852e+01
 2.87852e+01
 2.87852e+01
 2.87852e+01
 2.87851e+01
 2.87851e+01
 2.87851e+01
 2.87851e+01
 2.87851e+01
 2.87851e+01
 2.87851e+01
 2.87851e+01
 2.87851e+01
 2.87851e+01
 2.87851e+01
 2.87851e+01
 2.87851e+01
 2.87851e+01
 2.87851e+01
 2.87851e+01
 2.87851e+01
 2.87851e+01
 2.87851e+01
 2.87851e+01
 2.87851e+01
 2.87851e+01
 2.87852e+01
 2.87851e+01
 2.87851e+01
 2.87851e+01
 2.87851e+01
 2.87851e+01
 2.87851e+01
 2.87851e+01
 2.87851e+01
 2.87851e+01
 2.87851e+01
 2.87851e+01
 2.87851e+01
 2.87851e+01
 2.87851e+01
 2.87851e+01
 2.87851e+01
 2.87851e+01
 2.87851e+01
 2.87851e+01
 2.87851e+01
 2.87851e+01
 2.87851e+01
 2.87851e+01
 2.87851e+01
 2.87851e+01
 2.87851e+01
 2.87851e+01
 2.87851e+01
 2.87851e+01
 2.87851e+01
 2.87851e+01
 2.87851e+01
 2.87851e+01
 2.87851e+01
 2.87851e+01
 2.87851e+01
 2.87851e+01
 2.87851e+01
 2.87851e+01
 2.87851e+01
 2.87851e+01
 2.87851e+01
 2.87851e+01
 2.87851e+01
 2.87851e+01
 2.87851e+01
 2.87851e+01
 2.87851e+01
 2.87851e+01
 2.87851e+01
 2.87851e+01
 2.87851e+01
 2.87851e+01
 2.87851e+01
 2.87851e+01
 2.87851e+01
 2.87851e+01
 2.87851e+01
 2.87851e+01
 2.87851e+01
 2.87851e+01
 2.87851e+01
 2.87851e+01
 2.87851e+01
 2.87851e+01
 2.87851e+01
 2.87851e+01
 2.87851e+01
 2.87851e+01
 2.87851e+01
 2.87851e+01
 2.87851e+01
 2.87851e+01
 2.87851e+01
 2.87851e+01
 2.87851e+01
 2.87851e+01
 2.87851e+01
 2.87851e+01
 2.87851e+01
 2.87851e+01
 2.87851e+01
 2.87849e+01
 2.87849e+01
 2.87849e+01
 2.87849e+01
 2.87849e+01
 2.87849e+01
 2.87849e+01
 2.87849e+01
 2.87849e+01
 2.87849e+01
 2.87849e+01
 2.87849e+01
 2.87849e+01
 2.87849e+01
 2.87849e+01
 2.87849e+01
 2.87849e+01
 2.87849e+01
 2.87849e+01
 2.87849e+01
 2.87849e+01
 2.87849e+01
 2.87849e+01
 2.87849e+01
 2.87850e+01
 2.87849e+01
 2.87849e+01
 2.87849e+01
 2.87849e+01
 2.87849e+01
 2.87849e+01
 2.87849e+01
 2.87849e+01
 2.87849e+01
 2.87849e+01
 2.87849e+01
 2.87849e+01
 2.87849e+01
 2.87849e+01
 2.87849e+01
 2.87849e+01
 2.87849e+01
 2.87849e+01
 2.87849e+01
 2.87849e+01
 2.87849e+01
 2.87849e+01
 2.87849e+01
 2.87849e+01
 2.87849e+01
 2.87849e+01
 2.87849e+01
 2.87849e+01
 2.87849e+01
 2.87849e+01
 2.87849e+01
 2.87849e+01
 2.87849e+01
 2.87849e+01
 2.87849e+01
 2.87849e+01
 2.87849e+01
 2.87849e+01
 2.87849e+01
 2.87849e+01
 2.87849e+01
 2.87849e+01
 2.87849e+01
 2.87849e+01
 2.87849e+01
 2.87849e+01
 2.87849e+01
 2.87849e+01
 2.87849e+01
 2.87849e+01
 2.87849e+01
 2.87849e+01
 2.87849e+01
 2.87849e+01
 2.87849e+01
 2.87849e+01
 2.87850e+01
 2.87849e+01
 2.87849e+01
 2.87849e+01
 2.87849e+01
 2.87849e+01
 2.87849e+01
 2.87849e+01
 2.87849e+01
 2.87849e+01
 2.87849e+01
 2.87849e+01
 2.87849e+01
 2.87849e+01
 2.87849e+01
 2.87849e+01
 2.87849e+01
 2.87849e+01
 2.87849e+01
 2.87849e+01
 2.87849e+01
 2.87849e+01
 2.87849e+01
 2.87849e+01
 2.87849e+01
 2.87849e+01
 2.87849e+01
 2.87845e+01
 2.87845e+01
 2.87845e+01
 2.87845e+01
 2.87845e+01
 2.87845e+01
 2.87845e+01
 2.87845e+01
 2.87845e+01
 2.87845e+01
 2.87845e+01
 2.87845e+01
 2.87845e+01
 2.87845e+01
 2.87845e+01
 2.87845e+01
 2.87845e+01
 2.87845e+01
 2.87845e+01
 2.87845e+01
 2.87845e+01
 2.87845e+01
 2.87845e+01
 2.87845e+01
 2.87845e+01
 2.87845e+01
 2.87845e+01
 2.87845e+01
 2.87845e+01
 2.87845e+01
 2.87845e+01
 2.87845e+01
 2.87845e+01
 2.87845e+01
 2.87845e+01
 2.87845e+01
 2.87845e+01
 2.87845e+01
 2.87845e+01
 2.87845e+01
 2.87845e+01
 2.87845e+01
 2.87845e+01
 2.87845e+01
 2.87845e+01
 2.87845e+01
 2.87845e+01
 2.87845e+01
 2.87845e+01
 2.87845e+01
 2.87845e+01
 2.87845e+01
 2.87845e+01
 2.87845e+01
 2.87845e+01
 2.87845e+01
 2.87845e+01
 2.87845e+01
 2.87845e+01
 2.87845e+01
 2.87845e+01
 2.87845e+01
 2.87845e+01
 2.87845e+01
 2.87845e+01
 2.87845e+01
 2.87845e+01
 2.87845e+01
 2.87845e+01
 2.87845e+01
 2.87845e+01
 2.87845e+01
 2.87845e+01
 2.87845e+01
 2.87845e+01
 2.87848e+01
 2.87845e+01
 2.87845e+01
 2.87845e+01
 2.87845e+01
 2.87845e+01
 2.87845e+01
 2.87845e+01
 2.87845e+01
 2.87845e+01
 2.87845e+01
 2.87845e+01
 2.87845e+01
 2.87845e+01
 2.87845e+01
 2.87845e+01
 2.87845e+01
 2.87845e+01
 2.87845e+01
 2.87845e+01
 2.87845e+01
 2.87845e+01
 2.87845e+01
 2.87845e+01
 2.87845e+01
 2.87845e+01
 2.87845e+01
 2.87845e+01
 2.87845e+01
 2.87845e+01
 2.87845e+01
 2.87845e+01
 2.87845e+01
 2.87845e+01
 6.80391e+05
 6.80391e+05
 6.80391e+05
 6.80391e+05
 6.80391e+05
 6.80391e+05
 6.80391e+05
 6.80391e+05
 6.80391e+05
 6.80391e+05
 6.80391e+05
 6.80391e+05
 6.80391e+05
 6.80391e+05
 6.80391e+05
 6.80391e+05
 6.80391e+05
 6.80391e+05
 6.80391e+05
 6.80391e+05
 6.80391e+05
 6.80391e+05
 6.80391e+05
 6.80391e+05
 6.80391e+05
 6.80391e+05
 6.80391e+05
 6.80391e+05
 6.80391e+05
 6.80391e+05
 6.80391e+05
 6.80391e+05
 6.80391e+05
 6.80391e+05
 6.80391e+05
 6.80391e+05
 6.80391e+05
 6.80391e+05
 3.40210e+05
 6.80391e+05
 6.80391e+05
 6.80391e+05
 6.80391e+05
 6.80391e+05
 6.80391e+05
 6.80391e+05
 6.80391e+05
 6.80391e+05
 6.80391e+05
 6.80391e+05
 6.80391e+05
 6.80391e+05
 6.80391e+05
 6.80391e+05
 6.80391e+05
 6.80391e+05
 6.80391e+05
 6.80391e+05
 6.80391e+05
 6.80391e+05
 6.80391e+05
 6.80391e+05
 6.80391e+05
 6.80391e+05
 6.80391e+05
 3.40210e+05
 6.80391e+05
 6.80391e+05
 6.80391e+05
 6.80391e+05
 6.80391e+05
 6.80391e+05
 6.80391e+05
 5.10301e+05
 6.80391e+05
 6.80391e+05
 6.80391e+05
 6.80391e+05
 6.80391e+05
 6.80391e+05
 6.80391e+05
 6.80391e+05
 6.80391e+05
 6.80391e+05
 6.80391e+05
 6.80391e+05
 6.80391e+05
 6.80391e+05
 6.80391e+05
 6.80391e+05
 6.80391e+05
 6.80391e+05
 6.80391e+05
 6.80391e+05
 6.80391e+05
 6.80391e+05
 6.80391e+05
 6.80391e+05
 6.80391e+05
 6.80391e+05
 6.80391e+05
 6.80391e+05
 6.80391e+05
 6.80391e+05
 6.80391e+05
 6.80391e+05
 6.80391e+05
 6.80377e+05
 0.00000e+00
 0.00000e+00
 0.00000e+00
 0.00000e+00
 0.00000e+00
 0.00000e+00
 0.00000e+00
 0.00000e+00
 0.00000e+00
 0.00000e+00
 0.00000e+00
 0.00000e+00
 0.00000e+00
 0.00000e+00
 0.00000e+00
 0.00000e+00
 0.00000e+00
 0.00000e+00
 0.00000e+00
 0.00000e+00
 0.00000e+00
 0.00000e+00
 0.00000e+00
 0.00000e+00
 0.00000e+00
 6.70918e-26
 3.35453e-25
 0.00000e+00
 0.00000e+00
 0.00000e+00
 0.00000e+00
 0.00000e+00
 0.00000e+00
 0.00000e+00
 0.00000e+00
 1.61016e-24
 0.00000e+00
 0.00000e+00
 3.40196e+05
-2.68361e-25
 0.00000e+00
 0.00000e+00
 0.00000e+00
 0.00000e+00
 0.00000e+00
 0.00000e+00
 0.00000e+00
 0.00000e+00
 0.00000e+00
 0.00000e+00
 0.00000e+00
 0.00000e+00
 0.00000e+00
 0.00000e+00
 0.00000e+00
 0.00000e+00
 0.00000e+00
 0.00000e+00
 0.00000e+00
 0.00000e+00
 0.00000e+00
 0.00000e+00
 0.00000e+00
 0.00000e+00
 0.00000e+00
 0.00000e+00
 1.00635e-25
 0.00000e+00
 3.40196e+05
 3.18677e-24
-3.15322e-24
 0.00000e+00
 0.00000e+00
 0.00000e+00
 0.00000e+00
 0.00000e+00
 0.00000e+00
 0.00000e+00
 0.00000e+00
 0.00000e+00
 0.00000e+00
 0.00000e+00
 0.00000e+00
 3.25386e-24
 0.00000e+00
 0.00000e+00
 0.00000e+00
 0.00000e+00
 1.47598e-24
 0.00000e+00
 6.80377e+05
 0.00000e+00
 0.00000e+00
 0.00000e+00
 0.00000e+00
 0.00000e+00
 0.00000e+00
 0.00000e+00
 0.00000e+00
 0.00000e+00
 0.00000e+00
 0.00000e+00
 0.00000e+00
 0.00000e+00
 0.00000e+00
 0.00000e+00
 0.00000e+00
