scalar
part
         1
coordinates
 1.32113e+05
 2.08111e+05
 2.08111e+05
 2.31050e-11
 2.08111e+05
 2.31050e-11
 2.08111e+05
 2.31050e-11
-3.23117e-27
 2.08111e+05
 2.31050e-11
 2.08111e+05
 2.31050e-11
 2.08111e+05
 2.31050e-11
 3.23117e-27
 2.08111e+05
 2.31050e-11
 2.08111e+05
 0.00000e+00
 0.00000e+00
 2.08111e+05
 2.31050e-11
 2.08111e+05
 0.00000e+00
 2.08111e+05
 2.31050e-11
 2.08111e+05
 0.00000e+00
 2.08111e+05
 2.08111e+05
 2.31050e-11
-3.55365e-26
 2.08111e+05
 2.31050e-11
 2.08111e+05
 2.31050e-11
 2.08111e+05
-2.76395e-26
 2.08111e+05
 2.08111e+05
 2.08111e+05
 2.08111e+05
 2.31050e-11
 2.08111e+05
 2.31050e-11
 2.08111e+05
 2.31050e-11
 2.08111e+05
 2.31050e-11
 2.08111e+05
 0.00000e+00
 2.08111e+05
 1.32113e+05
 2.08111e+05
 2.08111e+05
 2.08111e+05
 2.08111e+05
 2.08111e+05
 2.08111e+05
 2.08111e+05
 2.08111e+05
 2.08111e+05
 2.08111e+05
 2.08111e+05
 2.08111e+05
 2.08111e+05
 2.08111e+05
 2.08111e+05
 2.08111e+05
 2.08111e+05
 2.08111e+05
 2.08111e+05
 2.08111e+05
 2.08111e+05
 2.08111e+05
 2.08111e+05
 2.08111e+05
 2.08111e+05
 2.08111e+05
 2.08111e+05
 2.08111e+05
 1.32113e+05
 0.00000e+00
 0.00000e+00
 0.00000e+00
 0.00000e+00
 0.00000e+00
 0.00000e+00
 0.00000e+00
 0.00000e+00
 0.00000e+00
 0.00000e+00
 0.00000e+00
 0.00000e+00
 0.00000e+00
 0.00000e+00
 0.00000e+00
 0.00000e+00
-3.55365e-26
 0.00000e+00
 0.00000e+00
 0.00000e+00
-2.50744e-26
 0.00000e+00
 0.00000e+00
 0.00000e+00
 0.00000e+00
 1.32113e+05
