scalar
part
         1
coordinates
 1.95178e+05
 2.65820e+05
 2.65820e+05
 0.00000e+00
 2.65820e+05
 0.00000e+00
 2.65820e+05
 0.00000e+00
 2.65820e+05
 0.00000e+00
 2.65820e+05
 0.00000e+00
 2.65820e+05
 0.00000e+00
 2.65820e+05
 0.00000e+00
 2.95119e-11
 2.65820e+05
 0.00000e+00
 2.65820e+05
 0.00000e+00
 2.65820e+05
 0.00000e+00
 2.65820e+05
 0.00000e+00
 2.65820e+05
 2.65820e+05
 0.00000e+00
 2.65820e+05
 2.95119e-11
 2.65820e+05
-5.90239e-11
 2.65820e+05
-5.90239e-11
 2.65820e+05
-5.90239e-11
 0.00000e+00
 2.65820e+05
 2.95119e-11
 2.65820e+05
 0.00000e+00
 2.65820e+05
 0.00000e+00
 2.65820e+05
 0.00000e+00
 2.65820e+05
 0.00000e+00
 2.65820e+05
 0.00000e+00
 2.65820e+05
 0.00000e+00
 2.65820e+05
 0.00000e+00
 2.65820e+05
 0.00000e+00
 2.65820e+05
-5.90239e-11
 2.65820e+05
-5.90239e-11
 2.65820e+05
 0.00000e+00
 2.65820e+05
-5.90239e-11
 2.65820e+05
 2.65820e+05
 0.00000e+00
 0.00000e+00
 2.65820e+05
 0.00000e+00
 2.65820e+05
 0.00000e+00
 2.65820e+05
 0.00000e+00
 2.65820e+05
 0.00000e+00
 2.65820e+05
 0.00000e+00
 2.65820e+05
 1.90396e-25
 2.65820e+05
 2.65820e+05
 0.00000e+00
-3.17327e-25
 2.65820e+05
-1.47560e-10
 2.65820e+05
 2.65820e+05
 0.00000e+00
 2.65820e+05
 2.65820e+05
 0.00000e+00
 2.65820e+05
-5.90239e-11
 2.65820e+05
 0.00000e+00
 2.65820e+05
 0.00000e+00
 2.65820e+05
 0.00000e+00
 2.65820e+05
 0.00000e+00
 2.65820e+05
 0.00000e+00
 2.65820e+05
 0.00000e+00
 2.65820e+05
 0.00000e+00
 2.65820e+05
 1.95178e+05
 1.45047e+05
 1.45047e+05
 1.45047e+05
 1.45047e+05
 1.45047e+05
 1.45047e+05
 1.45047e+05
 1.45047e+05
 1.45047e+05
 1.45047e+05
 1.45047e+05
 1.45047e+05
 1.45047e+05
 1.45047e+05
 1.45047e+05
 1.45047e+05
 1.45047e+05
 1.45047e+05
 1.45047e+05
 1.45047e+05
 1.45047e+05
 1.45047e+05
 1.45047e+05
 1.45047e+05
 1.45047e+05
 1.45047e+05
 1.45047e+05
 1.45047e+05
 1.45047e+05
 1.45047e+05
 1.45047e+05
 1.45047e+05
 1.45047e+05
 1.45047e+05
 1.45047e+05
 1.45047e+05
 1.45047e+05
 1.45047e+05
 1.45047e+05
 1.45047e+05
 1.45047e+05
 1.45047e+05
 1.45047e+05
 1.45047e+05
 1.45047e+05
 1.45047e+05
 1.45047e+05
 1.45047e+05
 1.45047e+05
 1.45047e+05
 1.45047e+05
 1.45047e+05
 1.45047e+05
 1.45047e+05
 1.48809e+05
 1.48809e+05
 1.48809e+05
 1.48809e+05
 1.48809e+05
 1.48809e+05
 1.48809e+05
 1.48809e+05
 1.48809e+05
 1.48809e+05
 1.48809e+05
 1.48809e+05
 1.48809e+05
 1.48809e+05
 1.48809e+05
 1.48809e+05
 1.48809e+05
 1.48809e+05
 1.48809e+05
 1.48809e+05
 1.48809e+05
 1.48809e+05
 1.48809e+05
 1.48809e+05
 1.48809e+05
 1.48809e+05
 1.48809e+05
 1.48809e+05
 1.48809e+05
 1.48809e+05
 1.48809e+05
 1.48809e+05
 1.48809e+05
 1.48809e+05
 1.48809e+05
 1.48809e+05
 1.48809e+05
 1.48809e+05
 1.48809e+05
 1.48809e+05
 1.48809e+05
 1.48809e+05
 1.48809e+05
 1.48809e+05
 1.48809e+05
 1.48809e+05
 1.48809e+05
 1.48809e+05
 1.48809e+05
 1.48809e+05
 1.48809e+05
 1.48809e+05
 1.48809e+05
 1.48809e+05
 1.45047e+05
 1.45047e+05
 1.45047e+05
 1.45047e+05
 1.45047e+05
 1.45047e+05
 1.45047e+05
 1.45047e+05
 1.45047e+05
 1.45047e+05
 1.45047e+05
 1.45047e+05
 1.45047e+05
 1.45047e+05
 1.45047e+05
 1.45047e+05
 1.45047e+05
 1.45047e+05
 1.45047e+05
 1.45047e+05
 1.45047e+05
 1.45047e+05
 1.45047e+05
 1.45047e+05
 1.45047e+05
 1.45047e+05
 1.45047e+05
 1.45047e+05
 1.45047e+05
 1.45047e+05
 1.45047e+05
 1.45047e+05
 1.45047e+05
 1.45047e+05
 1.45047e+05
 1.45047e+05
 1.45047e+05
 1.45047e+05
 1.45047e+05
 1.45047e+05
 1.45047e+05
 1.45047e+05
 1.45047e+05
 1.45047e+05
 1.45047e+05
 1.45047e+05
 1.45047e+05
 1.45047e+05
 1.45047e+05
 1.45047e+05
 1.45047e+05
 1.45047e+05
 2.65820e+05
 2.65820e+05
 2.65820e+05
 2.65820e+05
 2.65820e+05
 2.65820e+05
 2.65820e+05
 2.65820e+05
 2.65820e+05
 2.65820e+05
 2.65820e+05
 2.65820e+05
 2.65820e+05
 2.65820e+05
 2.65820e+05
 2.65820e+05
 2.65820e+05
 2.65820e+05
 2.65820e+05
 2.65820e+05
 2.65820e+05
 2.65820e+05
 2.65820e+05
 2.65820e+05
 2.65820e+05
 2.65820e+05
 2.65820e+05
 2.65820e+05
 2.65820e+05
 2.65820e+05
 2.65820e+05
 2.65820e+05
 2.65820e+05
 2.65820e+05
 2.65820e+05
 2.65820e+05
 2.65820e+05
 2.65820e+05
 2.65820e+05
 2.65820e+05
 2.65820e+05
 2.65820e+05
 2.65820e+05
 2.65820e+05
 2.65820e+05
 2.65820e+05
 2.65820e+05
 2.65820e+05
 2.65820e+05
 2.65820e+05
 2.65820e+05
 2.65820e+05
 2.65820e+05
 2.65820e+05
 1.95178e+05
 0.00000e+00
 0.00000e+00
 0.00000e+00
 0.00000e+00
 0.00000e+00
 0.00000e+00
 0.00000e+00
 0.00000e+00
 0.00000e+00
 0.00000e+00
 0.00000e+00
 0.00000e+00
 0.00000e+00
 0.00000e+00
 0.00000e+00
 0.00000e+00
 0.00000e+00
 2.53861e-26
 0.00000e+00
 0.00000e+00
 0.00000e+00
 0.00000e+00
 0.00000e+00
 0.00000e+00
 0.00000e+00
 0.00000e+00
 0.00000e+00
 0.00000e+00
 0.00000e+00
 0.00000e+00
 0.00000e+00
 0.00000e+00
 6.55297e-27
 0.00000e+00
 0.00000e+00
 0.00000e+00
 0.00000e+00
 0.00000e+00
 0.00000e+00
 1.90396e-25
-3.17327e-25
 0.00000e+00
-1.52317e-25
 0.00000e+00
 0.00000e+00
 0.00000e+00
 0.00000e+00
 0.00000e+00
 0.00000e+00
 0.00000e+00
 0.00000e+00
 0.00000e+00
 1.95178e+05
