scalar
part
         1
coordinates
 2.00624e+05
 2.68680e+05
 2.68680e+05
 0.00000e+00
 2.68680e+05
 0.00000e+00
 2.68680e+05
 0.00000e+00
 2.68680e+05
 0.00000e+00
 2.68680e+05
 0.00000e+00
 2.68680e+05
 0.00000e+00
 2.68680e+05
 0.00000e+00
 2.98295e-11
 2.68680e+05
 0.00000e+00
 2.68680e+05
 0.00000e+00
 2.68680e+05
 0.00000e+00
 2.68680e+05
 0.00000e+00
 2.68680e+05
 2.68680e+05
 0.00000e+00
 2.68680e+05
 2.98295e-11
 2.68680e+05
-5.96589e-11
 2.68680e+05
-5.96589e-11
 2.68680e+05
-5.96589e-11
 0.00000e+00
 2.68680e+05
 2.98295e-11
 2.68680e+05
 0.00000e+00
 2.68680e+05
 0.00000e+00
 2.68680e+05
 0.00000e+00
 2.68680e+05
 0.00000e+00
 2.68680e+05
 0.00000e+00
 2.68680e+05
 0.00000e+00
 2.68680e+05
 0.00000e+00
 2.68680e+05
 0.00000e+00
 2.68680e+05
-5.96589e-11
 2.68680e+05
-5.96589e-11
 2.68680e+05
 0.00000e+00
 2.68680e+05
-5.96589e-11
 2.68680e+05
 2.68680e+05
 0.00000e+00
 0.00000e+00
 2.68680e+05
 0.00000e+00
 2.68680e+05
 0.00000e+00
 2.68680e+05
 0.00000e+00
 2.68680e+05
 0.00000e+00
 2.68680e+05
 0.00000e+00
 2.68680e+05
 1.97394e-25
 2.68680e+05
 2.68680e+05
 0.00000e+00
-3.28989e-25
 2.68680e+05
-1.49147e-10
 2.68680e+05
 2.68680e+05
 0.00000e+00
 2.68680e+05
 2.68680e+05
 0.00000e+00
 2.68680e+05
-5.96589e-11
 2.68680e+05
 0.00000e+00
 2.68680e+05
 0.00000e+00
 2.68680e+05
 0.00000e+00
 2.68680e+05
 0.00000e+00
 2.68680e+05
 0.00000e+00
 2.68680e+05
 0.00000e+00
 2.68680e+05
 0.00000e+00
 2.68680e+05
 2.00624e+05
 1.39601e+05
 1.39601e+05
 1.39601e+05
 1.39601e+05
 1.39601e+05
 1.39601e+05
 1.39601e+05
 1.39601e+05
 1.39601e+05
 1.39601e+05
 1.39601e+05
 1.39601e+05
 1.39601e+05
 1.39601e+05
 1.39601e+05
 1.39601e+05
 1.39601e+05
 1.39601e+05
 1.39601e+05
 1.39601e+05
 1.39601e+05
 1.39601e+05
 1.39601e+05
 1.39601e+05
 1.39601e+05
 1.39601e+05
 1.39601e+05
 1.39601e+05
 1.39601e+05
 1.39601e+05
 1.39601e+05
 1.39601e+05
 1.39601e+05
 1.39601e+05
 1.39601e+05
 1.39601e+05
 1.39601e+05
 1.39601e+05
 1.39601e+05
 1.39601e+05
 1.39601e+05
 1.39601e+05
 1.39601e+05
 1.39601e+05
 1.39601e+05
 1.39601e+05
 1.39601e+05
 1.39601e+05
 1.39601e+05
 1.39601e+05
 1.39601e+05
 1.39601e+05
 1.39601e+05
 1.39601e+05
 1.43089e+05
 1.43089e+05
 1.43089e+05
 1.43089e+05
 1.43089e+05
 1.43089e+05
 1.43089e+05
 1.43089e+05
 1.43089e+05
 1.43089e+05
 1.43089e+05
 1.43089e+05
 1.43089e+05
 1.43089e+05
 1.43089e+05
 1.43089e+05
 1.43089e+05
 1.43089e+05
 1.43089e+05
 1.43089e+05
 1.43089e+05
 1.43089e+05
 1.43089e+05
 1.43089e+05
 1.43089e+05
 1.43089e+05
 1.43089e+05
 1.43089e+05
 1.43089e+05
 1.43089e+05
 1.43089e+05
 1.43089e+05
 1.43089e+05
 1.43089e+05
 1.43089e+05
 1.43089e+05
 1.43089e+05
 1.43089e+05
 1.43089e+05
 1.43089e+05
 1.43089e+05
 1.43089e+05
 1.43089e+05
 1.43089e+05
 1.43089e+05
 1.43089e+05
 1.43089e+05
 1.43089e+05
 1.43089e+05
 1.43089e+05
 1.43089e+05
 1.43089e+05
 1.43089e+05
 1.43089e+05
 1.39601e+05
 1.39601e+05
 1.39601e+05
 1.39601e+05
 1.39601e+05
 1.39601e+05
 1.39601e+05
 1.39601e+05
 1.39601e+05
 1.39601e+05
 1.39601e+05
 1.39601e+05
 1.39601e+05
 1.39601e+05
 1.39601e+05
 1.39601e+05
 1.39601e+05
 1.39601e+05
 1.39601e+05
 1.39601e+05
 1.39601e+05
 1.39601e+05
 1.39601e+05
 1.39601e+05
 1.39601e+05
 1.39601e+05
 1.39601e+05
 1.39601e+05
 1.39601e+05
 1.39601e+05
 1.39601e+05
 1.39601e+05
 1.39601e+05
 1.39601e+05
 1.39601e+05
 1.39601e+05
 1.39601e+05
 1.39601e+05
 1.39601e+05
 1.39601e+05
 1.39601e+05
 1.39601e+05
 1.39601e+05
 1.39601e+05
 1.39601e+05
 1.39601e+05
 1.39601e+05
 1.39601e+05
 1.39601e+05
 1.39601e+05
 1.39601e+05
 1.39601e+05
 2.68680e+05
 2.68680e+05
 2.68680e+05
 2.68680e+05
 2.68680e+05
 2.68680e+05
 2.68680e+05
 2.68680e+05
 2.68680e+05
 2.68680e+05
 2.68680e+05
 2.68680e+05
 2.68680e+05
 2.68680e+05
 2.68680e+05
 2.68680e+05
 2.68680e+05
 2.68680e+05
 2.68680e+05
 2.68680e+05
 2.68680e+05
 2.68680e+05
 2.68680e+05
 2.68680e+05
 2.68680e+05
 2.68680e+05
 2.68680e+05
 2.68680e+05
 2.68680e+05
 2.68680e+05
 2.68680e+05
 2.68680e+05
 2.68680e+05
 2.68680e+05
 2.68680e+05
 2.68680e+05
 2.68680e+05
 2.68680e+05
 2.68680e+05
 2.68680e+05
 2.68680e+05
 2.68680e+05
 2.68680e+05
 2.68680e+05
 2.68680e+05
 2.68680e+05
 2.68680e+05
 2.68680e+05
 2.68680e+05
 2.68680e+05
 2.68680e+05
 2.68680e+05
 2.68680e+05
 2.68680e+05
 2.00624e+05
 0.00000e+00
 0.00000e+00
 0.00000e+00
 0.00000e+00
 0.00000e+00
 0.00000e+00
 0.00000e+00
 0.00000e+00
 0.00000e+00
 0.00000e+00
 0.00000e+00
 0.00000e+00
 0.00000e+00
 0.00000e+00
 0.00000e+00
 0.00000e+00
 0.00000e+00
 2.63192e-26
 0.00000e+00
 0.00000e+00
 0.00000e+00
 0.00000e+00
 0.00000e+00
 0.00000e+00
 0.00000e+00
 0.00000e+00
 0.00000e+00
 0.00000e+00
 0.00000e+00
 0.00000e+00
 0.00000e+00
 0.00000e+00
 6.62347e-27
 0.00000e+00
 0.00000e+00
 0.00000e+00
 0.00000e+00
 0.00000e+00
 0.00000e+00
 1.97394e-25
-3.28989e-25
 0.00000e+00
-1.57915e-25
 0.00000e+00
 0.00000e+00
 0.00000e+00
 0.00000e+00
 0.00000e+00
 0.00000e+00
 0.00000e+00
 0.00000e+00
 0.00000e+00
 2.00624e+05
