scalar
part
         1
coordinates
 3.28416e+05
 3.91911e+05
 3.91911e+05
 0.00000e+00
 3.91911e+05
 0.00000e+00
 3.91911e+05
 0.00000e+00
 3.91911e+05
 0.00000e+00
 3.91911e+05
 0.00000e+00
 3.91911e+05
 0.00000e+00
 8.70217e-11
 3.91911e+05
 0.00000e+00
 3.91911e+05
 0.00000e+00
 3.91911e+05
 0.00000e+00
 3.91911e+05
 0.00000e+00
 3.91911e+05
 0.00000e+00
 3.91911e+05
 0.00000e+00
 3.91911e+05
 0.00000e+00
 3.91911e+05
 0.00000e+00
 3.91911e+05
 0.00000e+00
 3.91911e+05
 0.00000e+00
 3.91911e+05
 0.00000e+00
 3.91911e+05
 0.00000e+00
 3.91911e+05
 0.00000e+00
 0.00000e+00
 3.91911e+05
 0.00000e+00
 3.91911e+05
 0.00000e+00
 3.91911e+05
 0.00000e+00
 3.91911e+05
 0.00000e+00
 3.91911e+05
 3.86454e-26
 1.29537e-25
 3.91911e+05
 3.91911e+05
 0.00000e+00
 3.91911e+05
 4.35108e-11
 3.91911e+05
 0.00000e+00
 3.91911e+05
 0.00000e+00
 3.91911e+05
-8.70217e-11
 3.91911e+05
 0.00000e+00
 3.91911e+05
 3.91911e+05
 0.00000e+00
 8.18027e-25
 3.91911e+05
 1.95955e+05
 8.70217e-11
 0.00000e+00
 3.91911e+05
 3.91911e+05
 1.30533e-10
 3.91911e+05
 0.00000e+00
 3.91911e+05
 0.00000e+00
 3.91911e+05
 0.00000e+00
 3.91911e+05
 0.00000e+00
 3.91911e+05
 0.00000e+00
 3.91911e+05
 0.00000e+00
 3.91911e+05
 0.00000e+00
 3.91911e+05
 0.00000e+00
 3.91911e+05
-8.70217e-11
 3.91911e+05
 0.00000e+00
 3.91911e+05
 0.00000e+00
 3.91911e+05
 1.30533e-10
 3.91911e+05
 0.00000e+00
 3.91911e+05
 0.00000e+00
 3.91911e+05
 1.30637e+05
 0.00000e+00
 3.91911e+05
 3.91911e+05
-8.70217e-11
 3.91911e+05
 0.00000e+00
 3.91911e+05
 0.00000e+00
 1.95955e+05
-8.70217e-11
 3.91911e+05
 0.00000e+00
 4.35108e-11
 3.91911e+05
 0.00000e+00
 3.91911e+05
 0.00000e+00
 3.91911e+05
 0.00000e+00
 3.91911e+05
 0.00000e+00
 3.91911e+05
 3.91911e+05
 1.95955e+05
 3.91911e+05
 0.00000e+00
-1.93227e-26
 3.91911e+05
 1.48039e-24
-1.43495e-24
 1.95955e+05
-8.70217e-11
 3.91911e+05
 3.91911e+05
 0.00000e+00
 3.91911e+05
 1.95955e+05
-8.70217e-11
 3.91911e+05
 0.00000e+00
 3.91911e+05
 0.00000e+00
 9.79777e+04
-8.70217e-11
 3.91911e+05
 3.91911e+05
 0.00000e+00
 3.91911e+05
 0.00000e+00
 3.91911e+05
 0.00000e+00
 1.67962e+05
 0.00000e+00
 1.67962e+05
 0.00000e+00
 3.91911e+05
 3.91911e+05
 0.00000e+00
 3.91911e+05
 1.40882e-24
 3.91911e+05
 3.91911e+05
 0.00000e+00
 0.00000e+00
 3.91911e+05
 0.00000e+00
 3.91911e+05
 0.00000e+00
 3.91911e+05
-4.35108e-10
 0.00000e+00
 3.91911e+05
 3.91911e+05
 3.28416e+05
 3.91911e+05
 3.91911e+05
 3.91911e+05
 0.00000e+00
 3.91911e+05
-8.70217e-11
 3.91911e+05
 0.00000e+00
 3.91911e+05
 0.00000e+00
 3.91911e+05
 3.91911e+05
 0.00000e+00
 3.91911e+05
 0.00000e+00
 3.91911e+05
 3.91911e+05
 0.00000e+00
 3.91911e+05
 3.91911e+05
 3.91911e+05
 3.91911e+05
 0.00000e+00
 3.91911e+05
-8.70217e-11
-8.70217e-11
 3.91911e+05
 0.00000e+00
 3.91911e+05
 0.00000e+00
 3.91911e+05
 3.91911e+05
 3.91911e+05
 3.91911e+05
 3.91911e+05
 3.91911e+05
 0.00000e+00
 3.91911e+05
-8.70217e-11
 3.91911e+05
 0.00000e+00
 3.91911e+05
 0.00000e+00
 3.91911e+05
-8.70217e-11
 3.91911e+05
 0.00000e+00
 1.31721e+05
 1.31721e+05
 1.31721e+05
 1.31721e+05
 1.31721e+05
 1.31721e+05
 1.31721e+05
 1.31721e+05
 1.31721e+05
 1.31721e+05
 1.31721e+05
 1.31721e+05
 1.31721e+05
 1.31721e+05
 1.31721e+05
 1.31721e+05
 1.31721e+05
 1.31721e+05
 1.31721e+05
 1.31721e+05
 1.31721e+05
 2.61816e+05
 1.31721e+05
 1.31721e+05
 1.31721e+05
 1.31721e+05
 1.31721e+05
 1.31721e+05
 1.31721e+05
 2.61816e+05
 1.31721e+05
 1.31721e+05
 1.31721e+05
 2.61816e+05
 1.31721e+05
 1.31721e+05
 1.31721e+05
 1.31721e+05
 1.31721e+05
 1.31721e+05
 1.31721e+05
 1.31721e+05
 1.31721e+05
 1.31721e+05
 1.31721e+05
 1.31721e+05
 1.31721e+05
 1.31721e+05
 1.31721e+05
 1.31721e+05
 1.31721e+05
 1.31721e+05
 1.31721e+05
 1.31721e+05
 1.31721e+05
 1.31721e+05
 2.18451e+05
 1.31721e+05
 1.31721e+05
 1.31721e+05
 1.31721e+05
 2.61816e+05
 1.31721e+05
 1.31721e+05
 2.61816e+05
 1.31721e+05
 1.31721e+05
 3.05181e+05
 1.31721e+05
 2.61816e+05
 2.61816e+05
 1.31721e+05
 1.31721e+05
 2.61816e+05
 1.31721e+05
 1.31721e+05
 2.61816e+05
 1.31721e+05
 1.31721e+05
 1.31721e+05
 1.96769e+05
 1.31721e+05
 1.31721e+05
 1.31721e+05
 1.31721e+05
 2.43231e+05
 1.31721e+05
 2.43231e+05
 1.31721e+05
 1.31721e+05
 1.31721e+05
 1.31721e+05
 1.31721e+05
 1.31721e+05
 1.31721e+05
 1.31721e+05
 1.31721e+05
 1.31721e+05
 1.31721e+05
 1.31721e+05
 1.31721e+05
 1.31721e+05
 1.31721e+05
 1.31721e+05
 1.31721e+05
 1.31721e+05
 1.31721e+05
 1.31721e+05
 1.31721e+05
 1.31721e+05
 1.31721e+05
 1.31721e+05
 1.31721e+05
 1.31721e+05
 1.31721e+05
 1.31721e+05
 1.31721e+05
 1.31721e+05
 1.31721e+05
 1.39846e+05
 1.39846e+05
 1.39846e+05
 1.39846e+05
 1.39846e+05
 1.39846e+05
 1.39846e+05
 1.39846e+05
 1.39846e+05
 1.39846e+05
 1.39846e+05
 1.39846e+05
 1.39846e+05
 1.39846e+05
 1.39846e+05
 1.39846e+05
 1.39846e+05
 1.39846e+05
 1.39846e+05
 1.39846e+05
 1.39846e+05
 1.39846e+05
 1.39846e+05
 1.39846e+05
 1.35783e+05
 1.39846e+05
 1.39846e+05
 1.39846e+05
 1.39846e+05
 1.39846e+05
 1.39846e+05
 1.39846e+05
 1.39846e+05
 1.39846e+05
 1.39846e+05
 1.39846e+05
 1.39846e+05
 1.39846e+05
 1.39846e+05
 1.39846e+05
 1.39846e+05
 1.39846e+05
 1.39846e+05
 1.39846e+05
 1.39846e+05
 1.39846e+05
 1.39846e+05
 1.39846e+05
 1.39846e+05
 1.39846e+05
 1.39846e+05
 1.39846e+05
 1.39846e+05
 1.39846e+05
 1.39846e+05
 1.39846e+05
 1.39846e+05
 1.39846e+05
 1.39846e+05
 1.39846e+05
 1.39846e+05
 1.39846e+05
 1.39846e+05
 1.39846e+05
 1.39846e+05
 1.39846e+05
 1.39846e+05
 1.39846e+05
 1.35783e+05
 1.39846e+05
 1.39846e+05
 1.39846e+05
 1.39846e+05
 1.39846e+05
 1.39846e+05
 1.39846e+05
 1.39846e+05
 1.39846e+05
 1.39846e+05
 1.39846e+05
 1.39846e+05
 1.39846e+05
 1.39846e+05
 1.39846e+05
 1.39846e+05
 1.39846e+05
 1.39846e+05
 1.39846e+05
 1.39846e+05
 1.39846e+05
 1.39846e+05
 1.39846e+05
 1.39846e+05
 1.39846e+05
 1.39846e+05
 1.39846e+05
 1.39846e+05
 1.39846e+05
 1.39846e+05
 1.39846e+05
 1.39846e+05
 1.39846e+05
 1.39846e+05
 1.39846e+05
 1.39846e+05
 1.39846e+05
 1.39846e+05
 1.39846e+05
 1.45429e+05
 1.45429e+05
 1.45429e+05
 1.45429e+05
 1.45429e+05
 1.45429e+05
 1.45429e+05
 1.45429e+05
 1.45429e+05
 1.45429e+05
 1.45429e+05
 1.45429e+05
 1.45429e+05
 1.45429e+05
 1.45429e+05
 1.45429e+05
 1.45429e+05
 1.45429e+05
 1.45429e+05
 1.45429e+05
 1.42637e+05
 1.45429e+05
 1.45429e+05
 1.45429e+05
 1.45429e+05
 1.45429e+05
 1.45429e+05
 1.45429e+05
 1.45429e+05
 1.45429e+05
 1.42637e+05
 1.45429e+05
 1.45429e+05
 1.45429e+05
 1.45429e+05
 1.45429e+05
 1.45429e+05
 1.45429e+05
 1.45429e+05
 1.45429e+05
 1.45429e+05
 1.45429e+05
 1.45429e+05
 1.45429e+05
 1.45429e+05
 1.45429e+05
 1.45429e+05
 1.45429e+05
 1.45429e+05
 1.45429e+05
 1.45429e+05
 1.45429e+05
 1.45429e+05
 1.45429e+05
 1.45429e+05
 1.42637e+05
 1.45429e+05
 1.45429e+05
 1.45429e+05
 1.45429e+05
 1.42637e+05
 1.45429e+05
 1.45429e+05
 1.45429e+05
 1.45429e+05
 1.45429e+05
 1.45429e+05
 1.41242e+05
 1.45429e+05
 1.45429e+05
 1.45429e+05
 1.45429e+05
 1.45429e+05
 1.45429e+05
 1.45429e+05
 1.45429e+05
 1.45429e+05
 1.45429e+05
 1.45429e+05
 1.45429e+05
 1.45429e+05
 1.45429e+05
 1.45429e+05
 1.45429e+05
 1.45429e+05
 1.45429e+05
 1.45429e+05
 1.45429e+05
 1.45429e+05
 1.45429e+05
 1.45429e+05
 1.45429e+05
 1.45429e+05
 1.45429e+05
 1.45429e+05
 1.45429e+05
 1.45429e+05
 1.45429e+05
 1.45429e+05
 1.45429e+05
 1.45429e+05
 1.45429e+05
 1.45429e+05
 1.45429e+05
 1.45429e+05
 1.45429e+05
 1.45429e+05
 1.45429e+05
 1.45429e+05
 1.48692e+05
 1.48692e+05
 1.48692e+05
 1.48692e+05
 1.48692e+05
 1.48692e+05
 1.48692e+05
 1.48692e+05
 1.48692e+05
 1.48692e+05
 1.48692e+05
 1.48692e+05
 1.48692e+05
 1.48692e+05
 1.48692e+05
 1.48692e+05
 1.48692e+05
 1.48692e+05
 1.47061e+05
 1.48692e+05
 1.48692e+05
 1.48692e+05
 1.48692e+05
 1.48692e+05
 1.48692e+05
 1.48692e+05
 1.48692e+05
 1.48692e+05
 1.48692e+05
 1.48692e+05
 1.47061e+05
 1.48692e+05
 1.48692e+05
 1.48692e+05
 1.48692e+05
 1.48692e+05
 1.48692e+05
 1.48692e+05
 1.48692e+05
 1.48692e+05
 1.48692e+05
 1.48692e+05
 1.48692e+05
 1.48692e+05
 1.48692e+05
 1.48692e+05
 1.48692e+05
 1.48692e+05
 1.48692e+05
 1.48692e+05
 1.48692e+05
 1.48692e+05
 1.48692e+05
 1.48692e+05
 1.48692e+05
 1.48692e+05
 1.48692e+05
 1.48692e+05
 1.48692e+05
 1.48692e+05
 1.48692e+05
 1.48692e+05
 1.48692e+05
 1.47061e+05
 1.48692e+05
 1.48692e+05
 1.48692e+05
 1.47061e+05
 1.48692e+05
 1.47061e+05
 1.48692e+05
 1.48692e+05
 1.48692e+05
 1.47061e+05
 1.48692e+05
 1.48692e+05
 1.48692e+05
 1.48692e+05
 1.47877e+05
 1.48692e+05
 1.48692e+05
 1.48692e+05
 1.48692e+05
 1.48692e+05
 1.48692e+05
 1.48692e+05
 1.48692e+05
 1.48692e+05
 1.48692e+05
 1.48692e+05
 1.48692e+05
 1.48692e+05
 1.48692e+05
 1.48692e+05
 1.48692e+05
 1.48692e+05
 1.48692e+05
 1.48692e+05
 1.48692e+05
 1.48692e+05
 1.48692e+05
 1.48692e+05
 1.48692e+05
 1.48692e+05
 1.48692e+05
 1.48692e+05
 1.48692e+05
 1.48692e+05
 1.48692e+05
 1.48692e+05
 1.48692e+05
 1.48692e+05
 1.48692e+05
 1.48692e+05
 1.48692e+05
 1.48692e+05
 1.48692e+05
 1.48692e+05
 1.48692e+05
 1.48692e+05
 1.49766e+05
 1.49766e+05
 1.49766e+05
 1.49766e+05
 1.49766e+05
 1.49766e+05
 1.49766e+05
 1.49766e+05
 1.49766e+05
 1.49766e+05
 1.49766e+05
 1.49766e+05
 1.49766e+05
 1.49766e+05
 1.49766e+05
 1.49766e+05
 1.49766e+05
 1.49766e+05
 1.49766e+05
 1.49766e+05
 1.49766e+05
 1.49766e+05
 1.49766e+05
 1.49766e+05
 1.49766e+05
 1.49766e+05
 1.49766e+05
 1.49766e+05
 1.49766e+05
 1.49229e+05
 1.49766e+05
 1.49766e+05
 1.49766e+05
 1.49766e+05
 1.49766e+05
 1.49766e+05
 1.49766e+05
 1.49766e+05
 1.49766e+05
 1.49766e+05
 1.49229e+05
 1.49766e+05
 1.49766e+05
 1.49766e+05
 1.49766e+05
 1.49766e+05
 1.49766e+05
 1.49766e+05
 1.49766e+05
 1.49766e+05
 1.49766e+05
 1.49766e+05
 1.49766e+05
 1.49766e+05
 1.49766e+05
 1.49766e+05
 1.49766e+05
 1.49766e+05
 1.49766e+05
 1.49766e+05
 1.49766e+05
 1.49766e+05
 1.49229e+05
 1.49766e+05
 1.49766e+05
 1.49766e+05
 1.49766e+05
 1.49766e+05
 1.49766e+05
 1.49229e+05
 1.49229e+05
 1.49766e+05
 1.49766e+05
 1.49766e+05
 1.49229e+05
 1.49766e+05
 1.49766e+05
 1.49766e+05
 1.49766e+05
 1.49766e+05
 1.49766e+05
 1.49766e+05
 1.49498e+05
 1.49766e+05
 1.49766e+05
 1.49766e+05
 1.49766e+05
 1.49766e+05
 1.49766e+05
 1.49766e+05
 1.49766e+05
 1.49766e+05
 1.49766e+05
 1.49766e+05
 1.49766e+05
 1.49766e+05
 1.49766e+05
 1.49766e+05
 1.49766e+05
 1.49766e+05
 1.49766e+05
 1.49766e+05
 1.49766e+05
 1.49766e+05
 1.49766e+05
 1.49766e+05
 1.49766e+05
 1.49766e+05
 1.49766e+05
 1.49766e+05
 1.49766e+05
 1.49766e+05
 1.49766e+05
 1.48692e+05
 1.48692e+05
 1.48692e+05
 1.48692e+05
 1.48692e+05
 1.48692e+05
 1.48692e+05
 1.48692e+05
 1.48692e+05
 1.48692e+05
 1.48692e+05
 1.48692e+05
 1.48692e+05
 1.48692e+05
 1.48692e+05
 1.48692e+05
 1.48692e+05
 1.48692e+05
 1.48692e+05
 1.48692e+05
 1.48692e+05
 1.48692e+05
 1.48692e+05
 1.48692e+05
 1.48692e+05
 1.48692e+05
 1.48692e+05
 1.48692e+05
 1.48692e+05
 1.48692e+05
 1.48692e+05
 1.48692e+05
 1.48692e+05
 1.48692e+05
 1.48692e+05
 1.48692e+05
 1.48692e+05
 1.48692e+05
 1.48692e+05
 1.48692e+05
 1.48692e+05
 1.48692e+05
 1.48692e+05
 1.48692e+05
 1.48692e+05
 1.48692e+05
 1.48692e+05
 1.48692e+05
 1.48692e+05
 1.48692e+05
 1.48692e+05
 1.48692e+05
 1.48692e+05
 1.48692e+05
 1.48692e+05
 1.48692e+05
 1.48692e+05
 1.48692e+05
 1.48692e+05
 1.48692e+05
 1.48692e+05
 1.48692e+05
 1.48692e+05
 1.48692e+05
 1.48692e+05
 1.48692e+05
 1.48692e+05
 1.48692e+05
 1.48692e+05
 1.48692e+05
 1.48692e+05
 1.48692e+05
 1.48692e+05
 1.48692e+05
 1.48692e+05
 1.48692e+05
 1.48692e+05
 1.48692e+05
 1.48692e+05
 1.49306e+05
 1.48692e+05
 1.48692e+05
 1.48692e+05
 1.48692e+05
 1.48692e+05
 1.48692e+05
 1.48692e+05
 1.48692e+05
 1.48692e+05
 1.48692e+05
 1.48692e+05
 1.48692e+05
 1.48692e+05
 1.48692e+05
 1.48692e+05
 1.48692e+05
 1.48692e+05
 1.48692e+05
 1.48692e+05
 1.48692e+05
 1.48692e+05
 1.48692e+05
 1.48692e+05
 1.48692e+05
 1.48692e+05
 1.48692e+05
 1.48692e+05
 1.48692e+05
 1.45429e+05
 1.45429e+05
 1.45429e+05
 1.45429e+05
 1.45429e+05
 1.45429e+05
 1.45429e+05
 1.45429e+05
 1.45429e+05
 1.45429e+05
 1.45429e+05
 1.45429e+05
 1.45429e+05
 1.45429e+05
 1.45429e+05
 1.45429e+05
 1.45429e+05
 1.45429e+05
 1.45429e+05
 1.45429e+05
 1.45429e+05
 1.45429e+05
 1.47061e+05
 1.45429e+05
 1.45429e+05
 1.45429e+05
 1.45429e+05
 1.45429e+05
 1.45429e+05
 1.45429e+05
 1.45429e+05
 1.45429e+05
 1.45429e+05
 1.45429e+05
 1.45429e+05
 1.45429e+05
 1.45429e+05
 1.45429e+05
 1.45429e+05
 1.45429e+05
 1.45429e+05
 1.45429e+05
 1.45429e+05
 1.45429e+05
 1.45429e+05
 1.45429e+05
 1.45429e+05
 1.45429e+05
 1.45429e+05
 1.45429e+05
 1.45429e+05
 1.45429e+05
 1.45429e+05
 1.45429e+05
 1.45429e+05
 1.45429e+05
 1.45429e+05
 1.45429e+05
 1.45429e+05
 1.45429e+05
 1.45429e+05
 1.45429e+05
 1.45429e+05
 1.45429e+05
 1.45429e+05
 1.45429e+05
 1.45429e+05
 1.45429e+05
 1.45429e+05
 1.45429e+05
 1.45429e+05
 1.45429e+05
 1.45429e+05
 1.45429e+05
 1.45429e+05
 1.45429e+05
 1.45429e+05
 1.45429e+05
 1.45429e+05
 1.45429e+05
 1.45429e+05
 1.45429e+05
 1.45429e+05
 1.45429e+05
 1.45429e+05
 1.45429e+05
 1.45429e+05
 1.45429e+05
 1.45429e+05
 1.45429e+05
 1.45429e+05
 1.45429e+05
 1.45429e+05
 1.45429e+05
 1.45429e+05
 1.45429e+05
 1.45429e+05
 1.45429e+05
 1.45429e+05
 1.45429e+05
 1.45429e+05
 1.45429e+05
 1.45429e+05
 1.45429e+05
 1.45429e+05
 1.39846e+05
 1.39846e+05
 1.39846e+05
 1.39846e+05
 1.39846e+05
 1.39846e+05
 1.39846e+05
 1.39846e+05
 1.39846e+05
 1.39846e+05
 1.39846e+05
 1.39846e+05
 1.39846e+05
 1.39846e+05
 1.39846e+05
 1.39846e+05
 1.39846e+05
 1.39846e+05
 1.39846e+05
 1.39846e+05
 1.39846e+05
 1.39846e+05
 1.39846e+05
 1.39846e+05
 1.42637e+05
 1.39846e+05
 1.39846e+05
 1.39846e+05
 1.39846e+05
 1.39846e+05
 1.39846e+05
 1.39846e+05
 1.39846e+05
 1.39846e+05
 1.39846e+05
 1.39846e+05
 1.39846e+05
 1.39846e+05
 1.39846e+05
 1.39846e+05
 1.39846e+05
 1.39846e+05
 1.39846e+05
 1.39846e+05
 1.39846e+05
 1.39846e+05
 1.39846e+05
 1.39846e+05
 1.39846e+05
 1.39846e+05
 1.39846e+05
 1.39846e+05
 1.39846e+05
 1.39846e+05
 1.39846e+05
 1.39846e+05
 1.39846e+05
 1.39846e+05
 1.39846e+05
 1.39846e+05
 1.39846e+05
 1.39846e+05
 1.39846e+05
 1.39846e+05
 1.39846e+05
 1.39846e+05
 1.39846e+05
 1.39846e+05
 1.39846e+05
 1.39846e+05
 1.39846e+05
 1.39846e+05
 1.39846e+05
 1.39846e+05
 1.39846e+05
 1.39846e+05
 1.39846e+05
 1.39846e+05
 1.39846e+05
 1.39846e+05
 1.39846e+05
 1.42239e+05
 1.39846e+05
 1.39846e+05
 1.39846e+05
 1.39846e+05
 1.39846e+05
 1.39846e+05
 1.39846e+05
 1.39846e+05
 1.39846e+05
 1.39846e+05
 1.39846e+05
 1.39846e+05
 1.39846e+05
 1.39846e+05
 1.39846e+05
 1.39846e+05
 1.39846e+05
 1.39846e+05
 1.39846e+05
 1.39846e+05
 1.39846e+05
 1.39846e+05
 1.39846e+05
 1.39846e+05
 1.39846e+05
 1.39846e+05
 1.31721e+05
 1.31721e+05
 1.31721e+05
 1.31721e+05
 1.31721e+05
 1.31721e+05
 1.31721e+05
 1.31721e+05
 1.31721e+05
 1.31721e+05
 1.31721e+05
 1.31721e+05
 1.31721e+05
 1.31721e+05
 1.31721e+05
 1.31721e+05
 1.31721e+05
 1.31721e+05
 1.31721e+05
 1.31721e+05
 1.31721e+05
 1.31721e+05
 1.31721e+05
 1.31721e+05
 1.31721e+05
 1.31721e+05
 1.31721e+05
 1.31721e+05
 1.31721e+05
 1.31721e+05
 1.31721e+05
 1.31721e+05
 1.31721e+05
 1.31721e+05
 1.31721e+05
 1.31721e+05
 1.31721e+05
 1.31721e+05
 1.31721e+05
 1.31721e+05
 1.31721e+05
 1.31721e+05
 1.31721e+05
 1.31721e+05
 1.31721e+05
 1.31721e+05
 1.31721e+05
 1.31721e+05
 1.31721e+05
 1.31721e+05
 1.31721e+05
 1.31721e+05
 1.31721e+05
 1.31721e+05
 1.31721e+05
 1.31721e+05
 1.31721e+05
 1.31721e+05
 1.31721e+05
 1.31721e+05
 1.31721e+05
 1.31721e+05
 1.31721e+05
 1.31721e+05
 1.31721e+05
 1.31721e+05
 1.31721e+05
 1.31721e+05
 1.31721e+05
 1.31721e+05
 1.31721e+05
 1.31721e+05
 1.31721e+05
 1.31721e+05
 1.31721e+05
 1.37815e+05
 1.31721e+05
 1.31721e+05
 1.31721e+05
 1.31721e+05
 1.31721e+05
 1.31721e+05
 1.31721e+05
 1.31721e+05
 1.31721e+05
 1.31721e+05
 1.31721e+05
 1.31721e+05
 1.31721e+05
 1.31721e+05
 1.31721e+05
 1.31721e+05
 1.31721e+05
 1.31721e+05
 1.31721e+05
 1.31721e+05
 1.31721e+05
 1.31721e+05
 1.31721e+05
 1.31721e+05
 1.31721e+05
 1.31721e+05
 1.31721e+05
 1.31721e+05
 1.31721e+05
 1.31721e+05
 1.31721e+05
 1.31721e+05
 1.31721e+05
 3.91911e+05
 3.91911e+05
 3.91911e+05
 3.91911e+05
 3.91911e+05
 3.91911e+05
 3.91911e+05
 3.91911e+05
 3.91911e+05
 3.91911e+05
 3.91911e+05
 3.91911e+05
 3.91911e+05
 3.91911e+05
 3.91911e+05
 3.91911e+05
 3.91911e+05
 3.91911e+05
 3.91911e+05
 3.91911e+05
 3.91911e+05
 3.91911e+05
 3.91911e+05
 3.91911e+05
 3.91911e+05
 3.91911e+05
 3.91911e+05
 3.91911e+05
 3.91911e+05
 3.91911e+05
 3.91911e+05
 3.91911e+05
 3.91911e+05
 3.91911e+05
 3.91911e+05
 3.91911e+05
 3.91911e+05
 3.91911e+05
 2.61816e+05
 3.91911e+05
 3.91911e+05
 3.91911e+05
 3.91911e+05
 3.91911e+05
 3.91911e+05
 3.91911e+05
 3.91911e+05
 3.91911e+05
 3.91911e+05
 3.91911e+05
 3.91911e+05
 3.91911e+05
 3.91911e+05
 3.91911e+05
 3.91911e+05
 3.91911e+05
 3.91911e+05
 3.91911e+05
 3.91911e+05
 3.91911e+05
 3.91911e+05
 3.91911e+05
 3.91911e+05
 3.91911e+05
 3.91911e+05
 2.61816e+05
 3.91911e+05
 3.91911e+05
 3.91911e+05
 3.91911e+05
 3.91911e+05
 3.91911e+05
 3.91911e+05
 3.26863e+05
 3.91911e+05
 3.91911e+05
 3.91911e+05
 3.91911e+05
 3.91911e+05
 3.91911e+05
 3.91911e+05
 3.91911e+05
 3.91911e+05
 3.91911e+05
 3.91911e+05
 3.91911e+05
 3.91911e+05
 3.91911e+05
 3.91911e+05
 3.91911e+05
 3.91911e+05
 3.91911e+05
 3.91911e+05
 3.91911e+05
 3.91911e+05
 3.91911e+05
 3.91911e+05
 3.91911e+05
 3.91911e+05
 3.91911e+05
 3.91911e+05
 3.91911e+05
 3.91911e+05
 3.91911e+05
 3.91911e+05
 3.91911e+05
 3.91911e+05
 3.28416e+05
 0.00000e+00
 0.00000e+00
 0.00000e+00
 0.00000e+00
 0.00000e+00
 0.00000e+00
 0.00000e+00
 0.00000e+00
 0.00000e+00
 0.00000e+00
 0.00000e+00
 0.00000e+00
 0.00000e+00
 0.00000e+00
 0.00000e+00
 0.00000e+00
 0.00000e+00
 0.00000e+00
 0.00000e+00
 0.00000e+00
 0.00000e+00
 0.00000e+00
 0.00000e+00
 0.00000e+00
 0.00000e+00
 3.86454e-26
 1.68183e-25
 0.00000e+00
 0.00000e+00
 0.00000e+00
 0.00000e+00
 0.00000e+00
 0.00000e+00
 0.00000e+00
 0.00000e+00
 7.27135e-25
 0.00000e+00
 0.00000e+00
 1.95955e+05
-1.29537e-25
 0.00000e+00
 0.00000e+00
 0.00000e+00
 0.00000e+00
 0.00000e+00
 0.00000e+00
 0.00000e+00
 0.00000e+00
 0.00000e+00
 0.00000e+00
 0.00000e+00
 0.00000e+00
 0.00000e+00
 0.00000e+00
 0.00000e+00
 0.00000e+00
 0.00000e+00
 0.00000e+00
 0.00000e+00
 0.00000e+00
 0.00000e+00
 0.00000e+00
 0.00000e+00
 0.00000e+00
 0.00000e+00
 0.00000e+00
 4.54459e-26
 0.00000e+00
 1.95955e+05
 1.43495e-24
-1.41562e-24
 0.00000e+00
 0.00000e+00
 0.00000e+00
 0.00000e+00
 0.00000e+00
 0.00000e+00
 0.00000e+00
 0.00000e+00
 0.00000e+00
 0.00000e+00
 0.00000e+00
 0.00000e+00
 1.47359e-24
 0.00000e+00
 0.00000e+00
 0.00000e+00
 0.00000e+00
 6.74888e-25
 0.00000e+00
 3.28416e+05
 0.00000e+00
 0.00000e+00
 0.00000e+00
 0.00000e+00
 0.00000e+00
 0.00000e+00
 0.00000e+00
 0.00000e+00
 0.00000e+00
 0.00000e+00
 0.00000e+00
 0.00000e+00
 0.00000e+00
 0.00000e+00
 0.00000e+00
 0.00000e+00
