scalar
part
         1
coordinates
 3.09020e+05
 3.24514e+05
 3.24514e+05
 0.00000e+00
 3.24514e+05
 0.00000e+00
 3.24514e+05
 0.00000e+00
 3.24514e+05
 0.00000e+00
 3.24514e+05
 0.00000e+00
 3.24514e+05
 0.00000e+00
 3.24514e+05
 0.00000e+00
 3.60283e-11
 3.24514e+05
 0.00000e+00
 3.24514e+05
 0.00000e+00
 3.24514e+05
 0.00000e+00
 3.24514e+05
 0.00000e+00
 3.24514e+05
 3.24514e+05
 0.00000e+00
 3.24514e+05
 3.60283e-11
 3.24514e+05
-7.20567e-11
 3.24514e+05
-7.20567e-11
 3.24514e+05
-7.20567e-11
 0.00000e+00
 3.24514e+05
 3.60283e-11
 3.24514e+05
 0.00000e+00
 3.24514e+05
 0.00000e+00
 3.24514e+05
 0.00000e+00
 3.24514e+05
 0.00000e+00
 3.24514e+05
 0.00000e+00
 3.24514e+05
 0.00000e+00
 3.24514e+05
 0.00000e+00
 3.24514e+05
 0.00000e+00
 3.24514e+05
-7.20567e-11
 3.24514e+05
-7.20567e-11
 3.24514e+05
 0.00000e+00
 3.24514e+05
-7.20567e-11
 3.24514e+05
 3.24514e+05
 0.00000e+00
 0.00000e+00
 3.24514e+05
 0.00000e+00
 3.24514e+05
 0.00000e+00
 3.24514e+05
 0.00000e+00
 3.24514e+05
 0.00000e+00
 3.24514e+05
 0.00000e+00
 3.24514e+05
 3.37077e-25
 3.24514e+05
 3.24514e+05
 0.00000e+00
-5.61795e-25
 3.24514e+05
-1.80142e-10
 3.24514e+05
 3.24514e+05
 0.00000e+00
 3.24514e+05
 3.24514e+05
 0.00000e+00
 3.24514e+05
-7.20567e-11
 3.24514e+05
 0.00000e+00
 3.24514e+05
 0.00000e+00
 3.24514e+05
 0.00000e+00
 3.24514e+05
 0.00000e+00
 3.24514e+05
 0.00000e+00
 3.24514e+05
 0.00000e+00
 3.24514e+05
 0.00000e+00
 3.24514e+05
 3.09020e+05
 3.12048e+04
 3.12048e+04
 3.12048e+04
 3.12048e+04
 3.12048e+04
 3.12048e+04
 3.12048e+04
 3.12048e+04
 3.12048e+04
 3.12048e+04
 3.12048e+04
 3.12048e+04
 3.12048e+04
 3.12048e+04
 3.12048e+04
 3.12048e+04
 3.12048e+04
 3.12048e+04
 3.12048e+04
 3.12048e+04
 3.12048e+04
 3.12048e+04
 3.12048e+04
 3.12048e+04
 3.12048e+04
 3.12048e+04
 3.12048e+04
 3.12048e+04
 3.12048e+04
 3.12048e+04
 3.12048e+04
 3.12048e+04
 3.12048e+04
 3.12048e+04
 3.12048e+04
 3.12048e+04
 3.12048e+04
 3.12048e+04
 3.12048e+04
 3.12048e+04
 3.12048e+04
 3.12048e+04
 3.12048e+04
 3.12048e+04
 3.12048e+04
 3.12048e+04
 3.12048e+04
 3.12048e+04
 3.12048e+04
 3.12048e+04
 3.12048e+04
 3.12048e+04
 3.12048e+04
 3.12048e+04
 3.14201e+04
 3.14201e+04
 3.14201e+04
 3.14201e+04
 3.14201e+04
 3.14201e+04
 3.14201e+04
 3.14201e+04
 3.14201e+04
 3.14201e+04
 3.14201e+04
 3.14201e+04
 3.14201e+04
 3.14201e+04
 3.14201e+04
 3.14201e+04
 3.14201e+04
 3.14201e+04
 3.14201e+04
 3.14201e+04
 3.14201e+04
 3.14201e+04
 3.14201e+04
 3.14201e+04
 3.14201e+04
 3.14201e+04
 3.14201e+04
 3.14201e+04
 3.14201e+04
 3.14201e+04
 3.14201e+04
 3.14201e+04
 3.14201e+04
 3.14201e+04
 3.14201e+04
 3.14201e+04
 3.14201e+04
 3.14201e+04
 3.14201e+04
 3.14201e+04
 3.14201e+04
 3.14201e+04
 3.14201e+04
 3.14201e+04
 3.14201e+04
 3.14201e+04
 3.14201e+04
 3.14201e+04
 3.14201e+04
 3.14201e+04
 3.14201e+04
 3.14201e+04
 3.14201e+04
 3.14201e+04
 3.12048e+04
 3.12048e+04
 3.12048e+04
 3.12048e+04
 3.12048e+04
 3.12048e+04
 3.12048e+04
 3.12048e+04
 3.12048e+04
 3.12048e+04
 3.12048e+04
 3.12048e+04
 3.12048e+04
 3.12048e+04
 3.12048e+04
 3.12048e+04
 3.12048e+04
 3.12048e+04
 3.12048e+04
 3.12048e+04
 3.12048e+04
 3.12048e+04
 3.12048e+04
 3.12048e+04
 3.12048e+04
 3.12048e+04
 3.12048e+04
 3.12048e+04
 3.12048e+04
 3.12048e+04
 3.12048e+04
 3.12048e+04
 3.12048e+04
 3.12048e+04
 3.12048e+04
 3.12048e+04
 3.12048e+04
 3.12048e+04
 3.12048e+04
 3.12048e+04
 3.12048e+04
 3.12048e+04
 3.12048e+04
 3.12048e+04
 3.12048e+04
 3.12048e+04
 3.12048e+04
 3.12048e+04
 3.12048e+04
 3.12048e+04
 3.12048e+04
 3.12048e+04
 3.24514e+05
 3.24514e+05
 3.24514e+05
 3.24514e+05
 3.24514e+05
 3.24514e+05
 3.24514e+05
 3.24514e+05
 3.24514e+05
 3.24514e+05
 3.24514e+05
 3.24514e+05
 3.24514e+05
 3.24514e+05
 3.24514e+05
 3.24514e+05
 3.24514e+05
 3.24514e+05
 3.24514e+05
 3.24514e+05
 3.24514e+05
 3.24514e+05
 3.24514e+05
 3.24514e+05
 3.24514e+05
 3.24514e+05
 3.24514e+05
 3.24514e+05
 3.24514e+05
 3.24514e+05
 3.24514e+05
 3.24514e+05
 3.24514e+05
 3.24514e+05
 3.24514e+05
 3.24514e+05
 3.24514e+05
 3.24514e+05
 3.24514e+05
 3.24514e+05
 3.24514e+05
 3.24514e+05
 3.24514e+05
 3.24514e+05
 3.24514e+05
 3.24514e+05
 3.24514e+05
 3.24514e+05
 3.24514e+05
 3.24514e+05
 3.24514e+05
 3.24514e+05
 3.24514e+05
 3.24514e+05
 3.09020e+05
 0.00000e+00
 0.00000e+00
 0.00000e+00
 0.00000e+00
 0.00000e+00
 0.00000e+00
 0.00000e+00
 0.00000e+00
 0.00000e+00
 0.00000e+00
 0.00000e+00
 0.00000e+00
 0.00000e+00
 0.00000e+00
 0.00000e+00
 0.00000e+00
 0.00000e+00
 4.49436e-26
 0.00000e+00
 0.00000e+00
 0.00000e+00
 0.00000e+00
 0.00000e+00
 0.00000e+00
 0.00000e+00
 0.00000e+00
 0.00000e+00
 0.00000e+00
 0.00000e+00
 0.00000e+00
 0.00000e+00
 0.00000e+00
 7.99990e-27
 0.00000e+00
 0.00000e+00
 0.00000e+00
 0.00000e+00
 0.00000e+00
 0.00000e+00
 3.37077e-25
-5.61795e-25
 0.00000e+00
-2.69662e-25
 0.00000e+00
 0.00000e+00
 0.00000e+00
 0.00000e+00
 0.00000e+00
 0.00000e+00
 0.00000e+00
 0.00000e+00
 0.00000e+00
 3.09020e+05
