scalar
part
         1
coordinates
 1.65438e+05
 1.74787e+05
 1.74787e+05
 1.94052e-11
 1.74787e+05
 1.94052e-11
 1.74787e+05
 1.94052e-11
-3.23117e-27
 1.74787e+05
 1.94052e-11
 1.74787e+05
 1.94052e-11
 1.74787e+05
 1.94052e-11
 6.46235e-27
 1.74787e+05
 1.94052e-11
 1.74787e+05
 0.00000e+00
 0.00000e+00
 1.74787e+05
 1.94052e-11
 1.74787e+05
 0.00000e+00
 1.74787e+05
 1.94052e-11
 1.74787e+05
 0.00000e+00
 1.74787e+05
 1.74787e+05
 1.94052e-11
-5.40206e-26
 1.74787e+05
 1.94052e-11
 1.74787e+05
 1.94052e-11
 1.74787e+05
-4.20161e-26
 1.74787e+05
 1.74787e+05
 1.74787e+05
 1.74787e+05
 1.94052e-11
 1.74787e+05
 1.94052e-11
 1.74787e+05
 1.94052e-11
 1.74787e+05
 1.94052e-11
 1.74787e+05
 0.00000e+00
 1.74787e+05
 1.65438e+05
 1.74787e+05
 1.74787e+05
 1.74787e+05
 1.74787e+05
 1.74787e+05
 1.74787e+05
 1.74787e+05
 1.74787e+05
 1.74787e+05
 1.74787e+05
 1.74787e+05
 1.74787e+05
 1.74787e+05
 1.74787e+05
 1.74787e+05
 1.74787e+05
 1.74787e+05
 1.74787e+05
 1.74787e+05
 1.74787e+05
 1.74787e+05
 1.74787e+05
 1.74787e+05
 1.74787e+05
 1.74787e+05
 1.74787e+05
 1.74787e+05
 1.74787e+05
 1.65438e+05
 0.00000e+00
 0.00000e+00
 0.00000e+00
 0.00000e+00
 0.00000e+00
 0.00000e+00
 0.00000e+00
 0.00000e+00
 0.00000e+00
 0.00000e+00
 0.00000e+00
 0.00000e+00
 0.00000e+00
 0.00000e+00
 0.00000e+00
 0.00000e+00
-5.40206e-26
 0.00000e+00
 0.00000e+00
 0.00000e+00
-3.98616e-26
 0.00000e+00
 0.00000e+00
 0.00000e+00
 0.00000e+00
 1.65438e+05
