scalar
part
         1
coordinates
 1.65953e+05
 1.74271e+05
 1.74271e+05
 1.93480e-11
 1.74271e+05
 1.93480e-11
 1.74271e+05
 1.93480e-11
-3.23117e-27
 1.74271e+05
 1.93480e-11
 1.74271e+05
 1.93480e-11
 1.74271e+05
 1.93480e-11
 0.00000e+00
 1.74271e+05
 1.93480e-11
 1.74271e+05
 0.00000e+00
 0.00000e+00
 1.74271e+05
 1.93480e-11
 1.74271e+05
 0.00000e+00
 1.74271e+05
 1.93480e-11
 1.74271e+05
 0.00000e+00
 1.74271e+05
 1.74271e+05
 1.93480e-11
-5.43067e-26
 1.74271e+05
 1.93480e-11
 1.74271e+05
 1.93480e-11
 1.74271e+05
-4.22385e-26
 1.74271e+05
 1.74271e+05
 1.74271e+05
 1.74271e+05
 1.93480e-11
 1.74271e+05
 1.93480e-11
 1.74271e+05
 1.93480e-11
 1.74271e+05
 1.93480e-11
 1.74271e+05
 0.00000e+00
 1.74271e+05
 1.65953e+05
 1.74271e+05
 1.74271e+05
 1.74271e+05
 1.74271e+05
 1.74271e+05
 1.74271e+05
 1.74271e+05
 1.74271e+05
 1.74271e+05
 1.74271e+05
 1.74271e+05
 1.74271e+05
 1.74271e+05
 1.74271e+05
 1.74271e+05
 1.74271e+05
 1.74271e+05
 1.74271e+05
 1.74271e+05
 1.74271e+05
 1.74271e+05
 1.74271e+05
 1.74271e+05
 1.74271e+05
 1.74271e+05
 1.74271e+05
 1.74271e+05
 1.74271e+05
 1.65953e+05
 0.00000e+00
 0.00000e+00
 0.00000e+00
 0.00000e+00
 0.00000e+00
 0.00000e+00
 0.00000e+00
 0.00000e+00
 0.00000e+00
 0.00000e+00
 0.00000e+00
 0.00000e+00
 0.00000e+00
 0.00000e+00
 0.00000e+00
 0.00000e+00
-5.43067e-26
 0.00000e+00
 0.00000e+00
 0.00000e+00
-4.00905e-26
 0.00000e+00
 0.00000e+00
 0.00000e+00
 0.00000e+00
 1.65953e+05
