scalar
part
         1
coordinates
 1.27516e+05
 2.33074e+05
 2.33074e+05
 0.00000e+00
 2.33074e+05
 0.00000e+00
 2.33074e+05
 0.00000e+00
 2.33074e+05
 0.00000e+00
 2.33074e+05
 0.00000e+00
 2.33074e+05
 0.00000e+00
 5.17527e-11
 2.33074e+05
 0.00000e+00
 2.33074e+05
 0.00000e+00
 2.33074e+05
 0.00000e+00
 2.33074e+05
 0.00000e+00
 2.33074e+05
 0.00000e+00
 2.33074e+05
 0.00000e+00
 2.33074e+05
 0.00000e+00
 2.33074e+05
 0.00000e+00
 2.33074e+05
 0.00000e+00
 2.33074e+05
 0.00000e+00
 2.33074e+05
 0.00000e+00
 2.33074e+05
 0.00000e+00
 2.33074e+05
 0.00000e+00
 0.00000e+00
 2.33074e+05
 0.00000e+00
 2.33074e+05
 0.00000e+00
 2.33074e+05
 0.00000e+00
 2.33074e+05
 0.00000e+00
 2.33074e+05
 2.29828e-26
 5.02962e-26
 2.33074e+05
 2.33074e+05
 0.00000e+00
 2.33074e+05
 2.58764e-11
 2.33074e+05
 0.00000e+00
 2.33074e+05
 0.00000e+00
 2.33074e+05
-5.17527e-11
 2.33074e+05
 0.00000e+00
 2.33074e+05
 2.33074e+05
 0.00000e+00
 2.45820e-25
 2.33074e+05
 1.16537e+05
 5.17527e-11
 0.00000e+00
 2.33074e+05
 2.33074e+05
 7.76291e-11
 2.33074e+05
 0.00000e+00
 2.33074e+05
 0.00000e+00
 2.33074e+05
 0.00000e+00
 2.33074e+05
 0.00000e+00
 2.33074e+05
 0.00000e+00
 2.33074e+05
 0.00000e+00
 2.33074e+05
 0.00000e+00
 2.33074e+05
 0.00000e+00
 2.33074e+05
-5.17527e-11
 2.33074e+05
 0.00000e+00
 2.33074e+05
 0.00000e+00
 2.33074e+05
 7.76291e-11
 2.33074e+05
 0.00000e+00
 2.33074e+05
 0.00000e+00
 2.33074e+05
 7.76912e+04
 0.00000e+00
 2.33074e+05
 2.33074e+05
-5.17527e-11
 2.33074e+05
 0.00000e+00
 2.33074e+05
 0.00000e+00
 1.16537e+05
-5.17527e-11
 2.33074e+05
 0.00000e+00
 2.58764e-11
 2.33074e+05
 0.00000e+00
 2.33074e+05
 0.00000e+00
 2.33074e+05
 0.00000e+00
 2.33074e+05
 0.00000e+00
 2.33074e+05
 2.33074e+05
 1.16537e+05
 2.33074e+05
 0.00000e+00
-1.14914e-26
 2.33074e+05
 4.39179e-25
-4.25522e-25
 1.16537e+05
-5.17527e-11
 2.33074e+05
 2.33074e+05
 0.00000e+00
 2.33074e+05
 1.16537e+05
-5.17527e-11
 2.33074e+05
 0.00000e+00
 2.33074e+05
 0.00000e+00
 5.82684e+04
-5.17527e-11
 2.33074e+05
 2.33074e+05
 0.00000e+00
 2.33074e+05
 0.00000e+00
 2.33074e+05
 0.00000e+00
 9.98887e+04
 0.00000e+00
 9.98887e+04
 0.00000e+00
 2.33074e+05
 2.33074e+05
 0.00000e+00
 2.33074e+05
 4.23357e-25
 2.33074e+05
 2.33074e+05
 0.00000e+00
 0.00000e+00
 2.33074e+05
 0.00000e+00
 2.33074e+05
 0.00000e+00
 2.33074e+05
-2.58764e-10
 0.00000e+00
 2.33074e+05
 2.33074e+05
 1.27516e+05
 2.33074e+05
 2.33074e+05
 2.33074e+05
 0.00000e+00
 2.33074e+05
-5.17527e-11
 2.33074e+05
 0.00000e+00
 2.33074e+05
 0.00000e+00
 2.33074e+05
 2.33074e+05
 0.00000e+00
 2.33074e+05
 0.00000e+00
 2.33074e+05
 2.33074e+05
 0.00000e+00
 2.33074e+05
 2.33074e+05
 2.33074e+05
 2.33074e+05
 0.00000e+00
 2.33074e+05
-5.17527e-11
-5.17527e-11
 2.33074e+05
 0.00000e+00
 2.33074e+05
 0.00000e+00
 2.33074e+05
 2.33074e+05
 2.33074e+05
 2.33074e+05
 2.33074e+05
 2.33074e+05
 0.00000e+00
 2.33074e+05
-5.17527e-11
 2.33074e+05
 0.00000e+00
 2.33074e+05
 0.00000e+00
 2.33074e+05
-5.17527e-11
 2.33074e+05
 0.00000e+00
 2.15581e+05
 2.15581e+05
 2.15581e+05
 2.15581e+05
 2.15581e+05
 2.15581e+05
 2.15581e+05
 2.15581e+05
 2.15581e+05
 2.15581e+05
 2.15581e+05
 2.15581e+05
 2.15581e+05
 2.15581e+05
 2.15581e+05
 2.15581e+05
 2.15581e+05
 2.15581e+05
 2.15581e+05
 2.15581e+05
 2.15581e+05
 2.24327e+05
 2.15581e+05
 2.15581e+05
 2.15581e+05
 2.15581e+05
 2.15581e+05
 2.15581e+05
 2.15581e+05
 2.24327e+05
 2.15581e+05
 2.15581e+05
 2.15581e+05
 2.24327e+05
 2.15581e+05
 2.15581e+05
 2.15581e+05
 2.15581e+05
 2.15581e+05
 2.15581e+05
 2.15581e+05
 2.15581e+05
 2.15581e+05
 2.15581e+05
 2.15581e+05
 2.15581e+05
 2.15581e+05
 2.15581e+05
 2.15581e+05
 2.15581e+05
 2.15581e+05
 2.15581e+05
 2.15581e+05
 2.15581e+05
 2.15581e+05
 2.15581e+05
 2.21412e+05
 2.15581e+05
 2.15581e+05
 2.15581e+05
 2.15581e+05
 2.24327e+05
 2.15581e+05
 2.15581e+05
 2.24327e+05
 2.15581e+05
 2.15581e+05
 2.27243e+05
 2.15581e+05
 2.24327e+05
 2.24327e+05
 2.15581e+05
 2.15581e+05
 2.24327e+05
 2.15581e+05
 2.15581e+05
 2.24327e+05
 2.15581e+05
 2.15581e+05
 2.15581e+05
 2.19954e+05
 2.15581e+05
 2.15581e+05
 2.15581e+05
 2.15581e+05
 2.23078e+05
 2.15581e+05
 2.23078e+05
 2.15581e+05
 2.15581e+05
 2.15581e+05
 2.15581e+05
 2.15581e+05
 2.15581e+05
 2.15581e+05
 2.15581e+05
 2.15581e+05
 2.15581e+05
 2.15581e+05
 2.15581e+05
 2.15581e+05
 2.15581e+05
 2.15581e+05
 2.15581e+05
 2.15581e+05
 2.15581e+05
 2.15581e+05
 2.15581e+05
 2.15581e+05
 2.15581e+05
 2.15581e+05
 2.15581e+05
 2.15581e+05
 2.15581e+05
 2.15581e+05
 2.15581e+05
 2.15581e+05
 2.15581e+05
 2.15581e+05
 2.21865e+05
 2.21865e+05
 2.21865e+05
 2.21865e+05
 2.21865e+05
 2.21865e+05
 2.21865e+05
 2.21865e+05
 2.21865e+05
 2.21865e+05
 2.21865e+05
 2.21865e+05
 2.21865e+05
 2.21865e+05
 2.21865e+05
 2.21865e+05
 2.21865e+05
 2.21865e+05
 2.21865e+05
 2.21865e+05
 2.21865e+05
 2.21865e+05
 2.21865e+05
 2.21865e+05
 2.18723e+05
 2.21865e+05
 2.21865e+05
 2.21865e+05
 2.21865e+05
 2.21865e+05
 2.21865e+05
 2.21865e+05
 2.21865e+05
 2.21865e+05
 2.21865e+05
 2.21865e+05
 2.21865e+05
 2.21865e+05
 2.21865e+05
 2.21865e+05
 2.21865e+05
 2.21865e+05
 2.21865e+05
 2.21865e+05
 2.21865e+05
 2.21865e+05
 2.21865e+05
 2.21865e+05
 2.21865e+05
 2.21865e+05
 2.21865e+05
 2.21865e+05
 2.21865e+05
 2.21865e+05
 2.21865e+05
 2.21865e+05
 2.21865e+05
 2.21865e+05
 2.21865e+05
 2.21865e+05
 2.21865e+05
 2.21865e+05
 2.21865e+05
 2.21865e+05
 2.21865e+05
 2.21865e+05
 2.21865e+05
 2.21865e+05
 2.18723e+05
 2.21865e+05
 2.21865e+05
 2.21865e+05
 2.21865e+05
 2.21865e+05
 2.21865e+05
 2.21865e+05
 2.21865e+05
 2.21865e+05
 2.21865e+05
 2.21865e+05
 2.21865e+05
 2.21865e+05
 2.21865e+05
 2.21865e+05
 2.21865e+05
 2.21865e+05
 2.21865e+05
 2.21865e+05
 2.21865e+05
 2.21865e+05
 2.21865e+05
 2.21865e+05
 2.21865e+05
 2.21865e+05
 2.21865e+05
 2.21865e+05
 2.21865e+05
 2.21865e+05
 2.21865e+05
 2.21865e+05
 2.21865e+05
 2.21865e+05
 2.21865e+05
 2.21865e+05
 2.21865e+05
 2.21865e+05
 2.21865e+05
 2.21865e+05
 2.24453e+05
 2.24453e+05
 2.24453e+05
 2.24453e+05
 2.24453e+05
 2.24453e+05
 2.24453e+05
 2.24453e+05
 2.24453e+05
 2.24453e+05
 2.24453e+05
 2.24453e+05
 2.24453e+05
 2.24453e+05
 2.24453e+05
 2.24453e+05
 2.24453e+05
 2.24453e+05
 2.24453e+05
 2.24453e+05
 2.23159e+05
 2.24453e+05
 2.24453e+05
 2.24453e+05
 2.24453e+05
 2.24453e+05
 2.24453e+05
 2.24453e+05
 2.24453e+05
 2.24453e+05
 2.23159e+05
 2.24453e+05
 2.24453e+05
 2.24453e+05
 2.24453e+05
 2.24453e+05
 2.24453e+05
 2.24453e+05
 2.24453e+05
 2.24453e+05
 2.24453e+05
 2.24453e+05
 2.24453e+05
 2.24453e+05
 2.24453e+05
 2.24453e+05
 2.24453e+05
 2.24453e+05
 2.24453e+05
 2.24453e+05
 2.24453e+05
 2.24453e+05
 2.24453e+05
 2.24453e+05
 2.24453e+05
 2.23159e+05
 2.24453e+05
 2.24453e+05
 2.24453e+05
 2.24453e+05
 2.23159e+05
 2.24453e+05
 2.24453e+05
 2.24453e+05
 2.24453e+05
 2.24453e+05
 2.24453e+05
 2.22512e+05
 2.24453e+05
 2.24453e+05
 2.24453e+05
 2.24453e+05
 2.24453e+05
 2.24453e+05
 2.24453e+05
 2.24453e+05
 2.24453e+05
 2.24453e+05
 2.24453e+05
 2.24453e+05
 2.24453e+05
 2.24453e+05
 2.24453e+05
 2.24453e+05
 2.24453e+05
 2.24453e+05
 2.24453e+05
 2.24453e+05
 2.24453e+05
 2.24453e+05
 2.24453e+05
 2.24453e+05
 2.24453e+05
 2.24453e+05
 2.24453e+05
 2.24453e+05
 2.24453e+05
 2.24453e+05
 2.24453e+05
 2.24453e+05
 2.24453e+05
 2.24453e+05
 2.24453e+05
 2.24453e+05
 2.24453e+05
 2.24453e+05
 2.24453e+05
 2.24453e+05
 2.24453e+05
 2.25510e+05
 2.25510e+05
 2.25510e+05
 2.25510e+05
 2.25510e+05
 2.25510e+05
 2.25510e+05
 2.25510e+05
 2.25510e+05
 2.25510e+05
 2.25510e+05
 2.25510e+05
 2.25510e+05
 2.25510e+05
 2.25510e+05
 2.25510e+05
 2.25510e+05
 2.25510e+05
 2.24982e+05
 2.25510e+05
 2.25510e+05
 2.25510e+05
 2.25510e+05
 2.25510e+05
 2.25510e+05
 2.25510e+05
 2.25510e+05
 2.25510e+05
 2.25510e+05
 2.25510e+05
 2.24982e+05
 2.25510e+05
 2.25510e+05
 2.25510e+05
 2.25510e+05
 2.25510e+05
 2.25510e+05
 2.25510e+05
 2.25510e+05
 2.25510e+05
 2.25510e+05
 2.25510e+05
 2.25510e+05
 2.25510e+05
 2.25510e+05
 2.25510e+05
 2.25510e+05
 2.25510e+05
 2.25510e+05
 2.25510e+05
 2.25510e+05
 2.25510e+05
 2.25510e+05
 2.25510e+05
 2.25510e+05
 2.25510e+05
 2.25510e+05
 2.25510e+05
 2.25510e+05
 2.25510e+05
 2.25510e+05
 2.25510e+05
 2.25510e+05
 2.24982e+05
 2.25510e+05
 2.25510e+05
 2.25510e+05
 2.24982e+05
 2.25510e+05
 2.24982e+05
 2.25510e+05
 2.25510e+05
 2.25510e+05
 2.24982e+05
 2.25510e+05
 2.25510e+05
 2.25510e+05
 2.25510e+05
 2.25246e+05
 2.25510e+05
 2.25510e+05
 2.25510e+05
 2.25510e+05
 2.25510e+05
 2.25510e+05
 2.25510e+05
 2.25510e+05
 2.25510e+05
 2.25510e+05
 2.25510e+05
 2.25510e+05
 2.25510e+05
 2.25510e+05
 2.25510e+05
 2.25510e+05
 2.25510e+05
 2.25510e+05
 2.25510e+05
 2.25510e+05
 2.25510e+05
 2.25510e+05
 2.25510e+05
 2.25510e+05
 2.25510e+05
 2.25510e+05
 2.25510e+05
 2.25510e+05
 2.25510e+05
 2.25510e+05
 2.25510e+05
 2.25510e+05
 2.25510e+05
 2.25510e+05
 2.25510e+05
 2.25510e+05
 2.25510e+05
 2.25510e+05
 2.25510e+05
 2.25510e+05
 2.25510e+05
 2.25799e+05
 2.25799e+05
 2.25799e+05
 2.25799e+05
 2.25799e+05
 2.25799e+05
 2.25799e+05
 2.25799e+05
 2.25799e+05
 2.25799e+05
 2.25799e+05
 2.25799e+05
 2.25799e+05
 2.25799e+05
 2.25799e+05
 2.25799e+05
 2.25799e+05
 2.25799e+05
 2.25799e+05
 2.25799e+05
 2.25799e+05
 2.25799e+05
 2.25799e+05
 2.25799e+05
 2.25799e+05
 2.25799e+05
 2.25799e+05
 2.25799e+05
 2.25799e+05
 2.25654e+05
 2.25799e+05
 2.25799e+05
 2.25799e+05
 2.25799e+05
 2.25799e+05
 2.25799e+05
 2.25799e+05
 2.25799e+05
 2.25799e+05
 2.25799e+05
 2.25654e+05
 2.25799e+05
 2.25799e+05
 2.25799e+05
 2.25799e+05
 2.25799e+05
 2.25799e+05
 2.25799e+05
 2.25799e+05
 2.25799e+05
 2.25799e+05
 2.25799e+05
 2.25799e+05
 2.25799e+05
 2.25799e+05
 2.25799e+05
 2.25799e+05
 2.25799e+05
 2.25799e+05
 2.25799e+05
 2.25799e+05
 2.25799e+05
 2.25654e+05
 2.25799e+05
 2.25799e+05
 2.25799e+05
 2.25799e+05
 2.25799e+05
 2.25799e+05
 2.25654e+05
 2.25654e+05
 2.25799e+05
 2.25799e+05
 2.25799e+05
 2.25654e+05
 2.25799e+05
 2.25799e+05
 2.25799e+05
 2.25799e+05
 2.25799e+05
 2.25799e+05
 2.25799e+05
 2.25727e+05
 2.25799e+05
 2.25799e+05
 2.25799e+05
 2.25799e+05
 2.25799e+05
 2.25799e+05
 2.25799e+05
 2.25799e+05
 2.25799e+05
 2.25799e+05
 2.25799e+05
 2.25799e+05
 2.25799e+05
 2.25799e+05
 2.25799e+05
 2.25799e+05
 2.25799e+05
 2.25799e+05
 2.25799e+05
 2.25799e+05
 2.25799e+05
 2.25799e+05
 2.25799e+05
 2.25799e+05
 2.25799e+05
 2.25799e+05
 2.25799e+05
 2.25799e+05
 2.25799e+05
 2.25799e+05
 2.25510e+05
 2.25510e+05
 2.25510e+05
 2.25510e+05
 2.25510e+05
 2.25510e+05
 2.25510e+05
 2.25510e+05
 2.25510e+05
 2.25510e+05
 2.25510e+05
 2.25510e+05
 2.25510e+05
 2.25510e+05
 2.25510e+05
 2.25510e+05
 2.25510e+05
 2.25510e+05
 2.25510e+05
 2.25510e+05
 2.25510e+05
 2.25510e+05
 2.25510e+05
 2.25510e+05
 2.25510e+05
 2.25510e+05
 2.25510e+05
 2.25510e+05
 2.25510e+05
 2.25510e+05
 2.25510e+05
 2.25510e+05
 2.25510e+05
 2.25510e+05
 2.25510e+05
 2.25510e+05
 2.25510e+05
 2.25510e+05
 2.25510e+05
 2.25510e+05
 2.25510e+05
 2.25510e+05
 2.25510e+05
 2.25510e+05
 2.25510e+05
 2.25510e+05
 2.25510e+05
 2.25510e+05
 2.25510e+05
 2.25510e+05
 2.25510e+05
 2.25510e+05
 2.25510e+05
 2.25510e+05
 2.25510e+05
 2.25510e+05
 2.25510e+05
 2.25510e+05
 2.25510e+05
 2.25510e+05
 2.25510e+05
 2.25510e+05
 2.25510e+05
 2.25510e+05
 2.25510e+05
 2.25510e+05
 2.25510e+05
 2.25510e+05
 2.25510e+05
 2.25510e+05
 2.25510e+05
 2.25510e+05
 2.25510e+05
 2.25510e+05
 2.25510e+05
 2.25510e+05
 2.25510e+05
 2.25510e+05
 2.25510e+05
 2.25675e+05
 2.25510e+05
 2.25510e+05
 2.25510e+05
 2.25510e+05
 2.25510e+05
 2.25510e+05
 2.25510e+05
 2.25510e+05
 2.25510e+05
 2.25510e+05
 2.25510e+05
 2.25510e+05
 2.25510e+05
 2.25510e+05
 2.25510e+05
 2.25510e+05
 2.25510e+05
 2.25510e+05
 2.25510e+05
 2.25510e+05
 2.25510e+05
 2.25510e+05
 2.25510e+05
 2.25510e+05
 2.25510e+05
 2.25510e+05
 2.25510e+05
 2.25510e+05
 2.24453e+05
 2.24453e+05
 2.24453e+05
 2.24453e+05
 2.24453e+05
 2.24453e+05
 2.24453e+05
 2.24453e+05
 2.24453e+05
 2.24453e+05
 2.24453e+05
 2.24453e+05
 2.24453e+05
 2.24453e+05
 2.24453e+05
 2.24453e+05
 2.24453e+05
 2.24453e+05
 2.24453e+05
 2.24453e+05
 2.24453e+05
 2.24453e+05
 2.24982e+05
 2.24453e+05
 2.24453e+05
 2.24453e+05
 2.24453e+05
 2.24453e+05
 2.24453e+05
 2.24453e+05
 2.24453e+05
 2.24453e+05
 2.24453e+05
 2.24453e+05
 2.24453e+05
 2.24453e+05
 2.24453e+05
 2.24453e+05
 2.24453e+05
 2.24453e+05
 2.24453e+05
 2.24453e+05
 2.24453e+05
 2.24453e+05
 2.24453e+05
 2.24453e+05
 2.24453e+05
 2.24453e+05
 2.24453e+05
 2.24453e+05
 2.24453e+05
 2.24453e+05
 2.24453e+05
 2.24453e+05
 2.24453e+05
 2.24453e+05
 2.24453e+05
 2.24453e+05
 2.24453e+05
 2.24453e+05
 2.24453e+05
 2.24453e+05
 2.24453e+05
 2.24453e+05
 2.24453e+05
 2.24453e+05
 2.24453e+05
 2.24453e+05
 2.24453e+05
 2.24453e+05
 2.24453e+05
 2.24453e+05
 2.24453e+05
 2.24453e+05
 2.24453e+05
 2.24453e+05
 2.24453e+05
 2.24453e+05
 2.24453e+05
 2.24453e+05
 2.24453e+05
 2.24453e+05
 2.24453e+05
 2.24453e+05
 2.24453e+05
 2.24453e+05
 2.24453e+05
 2.24453e+05
 2.24453e+05
 2.24453e+05
 2.24453e+05
 2.24453e+05
 2.24453e+05
 2.24453e+05
 2.24453e+05
 2.24453e+05
 2.24453e+05
 2.24453e+05
 2.24453e+05
 2.24453e+05
 2.24453e+05
 2.24453e+05
 2.24453e+05
 2.24453e+05
 2.24453e+05
 2.21865e+05
 2.21865e+05
 2.21865e+05
 2.21865e+05
 2.21865e+05
 2.21865e+05
 2.21865e+05
 2.21865e+05
 2.21865e+05
 2.21865e+05
 2.21865e+05
 2.21865e+05
 2.21865e+05
 2.21865e+05
 2.21865e+05
 2.21865e+05
 2.21865e+05
 2.21865e+05
 2.21865e+05
 2.21865e+05
 2.21865e+05
 2.21865e+05
 2.21865e+05
 2.21865e+05
 2.23159e+05
 2.21865e+05
 2.21865e+05
 2.21865e+05
 2.21865e+05
 2.21865e+05
 2.21865e+05
 2.21865e+05
 2.21865e+05
 2.21865e+05
 2.21865e+05
 2.21865e+05
 2.21865e+05
 2.21865e+05
 2.21865e+05
 2.21865e+05
 2.21865e+05
 2.21865e+05
 2.21865e+05
 2.21865e+05
 2.21865e+05
 2.21865e+05
 2.21865e+05
 2.21865e+05
 2.21865e+05
 2.21865e+05
 2.21865e+05
 2.21865e+05
 2.21865e+05
 2.21865e+05
 2.21865e+05
 2.21865e+05
 2.21865e+05
 2.21865e+05
 2.21865e+05
 2.21865e+05
 2.21865e+05
 2.21865e+05
 2.21865e+05
 2.21865e+05
 2.21865e+05
 2.21865e+05
 2.21865e+05
 2.21865e+05
 2.21865e+05
 2.21865e+05
 2.21865e+05
 2.21865e+05
 2.21865e+05
 2.21865e+05
 2.21865e+05
 2.21865e+05
 2.21865e+05
 2.21865e+05
 2.21865e+05
 2.21865e+05
 2.21865e+05
 2.22974e+05
 2.21865e+05
 2.21865e+05
 2.21865e+05
 2.21865e+05
 2.21865e+05
 2.21865e+05
 2.21865e+05
 2.21865e+05
 2.21865e+05
 2.21865e+05
 2.21865e+05
 2.21865e+05
 2.21865e+05
 2.21865e+05
 2.21865e+05
 2.21865e+05
 2.21865e+05
 2.21865e+05
 2.21865e+05
 2.21865e+05
 2.21865e+05
 2.21865e+05
 2.21865e+05
 2.21865e+05
 2.21865e+05
 2.21865e+05
 2.15581e+05
 2.15581e+05
 2.15581e+05
 2.15581e+05
 2.15581e+05
 2.15581e+05
 2.15581e+05
 2.15581e+05
 2.15581e+05
 2.15581e+05
 2.15581e+05
 2.15581e+05
 2.15581e+05
 2.15581e+05
 2.15581e+05
 2.15581e+05
 2.15581e+05
 2.15581e+05
 2.15581e+05
 2.15581e+05
 2.15581e+05
 2.15581e+05
 2.15581e+05
 2.15581e+05
 2.15581e+05
 2.15581e+05
 2.15581e+05
 2.15581e+05
 2.15581e+05
 2.15581e+05
 2.15581e+05
 2.15581e+05
 2.15581e+05
 2.15581e+05
 2.15581e+05
 2.15581e+05
 2.15581e+05
 2.15581e+05
 2.15581e+05
 2.15581e+05
 2.15581e+05
 2.15581e+05
 2.15581e+05
 2.15581e+05
 2.15581e+05
 2.15581e+05
 2.15581e+05
 2.15581e+05
 2.15581e+05
 2.15581e+05
 2.15581e+05
 2.15581e+05
 2.15581e+05
 2.15581e+05
 2.15581e+05
 2.15581e+05
 2.15581e+05
 2.15581e+05
 2.15581e+05
 2.15581e+05
 2.15581e+05
 2.15581e+05
 2.15581e+05
 2.15581e+05
 2.15581e+05
 2.15581e+05
 2.15581e+05
 2.15581e+05
 2.15581e+05
 2.15581e+05
 2.15581e+05
 2.15581e+05
 2.15581e+05
 2.15581e+05
 2.15581e+05
 2.20294e+05
 2.15581e+05
 2.15581e+05
 2.15581e+05
 2.15581e+05
 2.15581e+05
 2.15581e+05
 2.15581e+05
 2.15581e+05
 2.15581e+05
 2.15581e+05
 2.15581e+05
 2.15581e+05
 2.15581e+05
 2.15581e+05
 2.15581e+05
 2.15581e+05
 2.15581e+05
 2.15581e+05
 2.15581e+05
 2.15581e+05
 2.15581e+05
 2.15581e+05
 2.15581e+05
 2.15581e+05
 2.15581e+05
 2.15581e+05
 2.15581e+05
 2.15581e+05
 2.15581e+05
 2.15581e+05
 2.15581e+05
 2.15581e+05
 2.15581e+05
 2.33074e+05
 2.33074e+05
 2.33074e+05
 2.33074e+05
 2.33074e+05
 2.33074e+05
 2.33074e+05
 2.33074e+05
 2.33074e+05
 2.33074e+05
 2.33074e+05
 2.33074e+05
 2.33074e+05
 2.33074e+05
 2.33074e+05
 2.33074e+05
 2.33074e+05
 2.33074e+05
 2.33074e+05
 2.33074e+05
 2.33074e+05
 2.33074e+05
 2.33074e+05
 2.33074e+05
 2.33074e+05
 2.33074e+05
 2.33074e+05
 2.33074e+05
 2.33074e+05
 2.33074e+05
 2.33074e+05
 2.33074e+05
 2.33074e+05
 2.33074e+05
 2.33074e+05
 2.33074e+05
 2.33074e+05
 2.33074e+05
 2.24327e+05
 2.33074e+05
 2.33074e+05
 2.33074e+05
 2.33074e+05
 2.33074e+05
 2.33074e+05
 2.33074e+05
 2.33074e+05
 2.33074e+05
 2.33074e+05
 2.33074e+05
 2.33074e+05
 2.33074e+05
 2.33074e+05
 2.33074e+05
 2.33074e+05
 2.33074e+05
 2.33074e+05
 2.33074e+05
 2.33074e+05
 2.33074e+05
 2.33074e+05
 2.33074e+05
 2.33074e+05
 2.33074e+05
 2.33074e+05
 2.24327e+05
 2.33074e+05
 2.33074e+05
 2.33074e+05
 2.33074e+05
 2.33074e+05
 2.33074e+05
 2.33074e+05
 2.28700e+05
 2.33074e+05
 2.33074e+05
 2.33074e+05
 2.33074e+05
 2.33074e+05
 2.33074e+05
 2.33074e+05
 2.33074e+05
 2.33074e+05
 2.33074e+05
 2.33074e+05
 2.33074e+05
 2.33074e+05
 2.33074e+05
 2.33074e+05
 2.33074e+05
 2.33074e+05
 2.33074e+05
 2.33074e+05
 2.33074e+05
 2.33074e+05
 2.33074e+05
 2.33074e+05
 2.33074e+05
 2.33074e+05
 2.33074e+05
 2.33074e+05
 2.33074e+05
 2.33074e+05
 2.33074e+05
 2.33074e+05
 2.33074e+05
 2.33074e+05
 1.27516e+05
 0.00000e+00
 0.00000e+00
 0.00000e+00
 0.00000e+00
 0.00000e+00
 0.00000e+00
 0.00000e+00
 0.00000e+00
 0.00000e+00
 0.00000e+00
 0.00000e+00
 0.00000e+00
 0.00000e+00
 0.00000e+00
 0.00000e+00
 0.00000e+00
 0.00000e+00
 0.00000e+00
 0.00000e+00
 0.00000e+00
 0.00000e+00
 0.00000e+00
 0.00000e+00
 0.00000e+00
 0.00000e+00
 2.29828e-26
 7.32790e-26
 0.00000e+00
 0.00000e+00
 0.00000e+00
 0.00000e+00
 0.00000e+00
 0.00000e+00
 0.00000e+00
 0.00000e+00
 2.18507e-25
 0.00000e+00
 0.00000e+00
 1.16537e+05
-5.02962e-26
 0.00000e+00
 0.00000e+00
 0.00000e+00
 0.00000e+00
 0.00000e+00
 0.00000e+00
 0.00000e+00
 0.00000e+00
 0.00000e+00
 0.00000e+00
 0.00000e+00
 0.00000e+00
 0.00000e+00
 0.00000e+00
 0.00000e+00
 0.00000e+00
 0.00000e+00
 0.00000e+00
 0.00000e+00
 0.00000e+00
 0.00000e+00
 0.00000e+00
 0.00000e+00
 0.00000e+00
 0.00000e+00
 0.00000e+00
 1.36567e-26
 0.00000e+00
 1.16537e+05
 4.25522e-25
-4.14031e-25
 0.00000e+00
 0.00000e+00
 0.00000e+00
 0.00000e+00
 0.00000e+00
 0.00000e+00
 0.00000e+00
 0.00000e+00
 0.00000e+00
 0.00000e+00
 0.00000e+00
 0.00000e+00
 4.48505e-25
 0.00000e+00
 0.00000e+00
 0.00000e+00
 0.00000e+00
 2.14176e-25
 0.00000e+00
 1.27516e+05
 0.00000e+00
 0.00000e+00
 0.00000e+00
 0.00000e+00
 0.00000e+00
 0.00000e+00
 0.00000e+00
 0.00000e+00
 0.00000e+00
 0.00000e+00
 0.00000e+00
 0.00000e+00
 0.00000e+00
 0.00000e+00
 0.00000e+00
 0.00000e+00
