scalar
part
         1
coordinates
 1.27074e+05
 2.32662e+05
 2.32662e+05
 0.00000e+00
 2.32662e+05
 0.00000e+00
 2.32662e+05
 0.00000e+00
 2.32662e+05
 0.00000e+00
 2.32662e+05
 0.00000e+00
 2.32662e+05
 0.00000e+00
 5.16614e-11
 2.32662e+05
 0.00000e+00
 2.32662e+05
 0.00000e+00
 2.32662e+05
 0.00000e+00
 2.32662e+05
 0.00000e+00
 2.32662e+05
 0.00000e+00
 2.32662e+05
 0.00000e+00
 2.32662e+05
 0.00000e+00
 2.32662e+05
 0.00000e+00
 2.32662e+05
 0.00000e+00
 2.32662e+05
 0.00000e+00
 2.32662e+05
 0.00000e+00
 2.32662e+05
 0.00000e+00
 2.32662e+05
 0.00000e+00
 0.00000e+00
 2.32662e+05
 0.00000e+00
 2.32662e+05
 0.00000e+00
 2.32662e+05
 0.00000e+00
 2.32662e+05
 0.00000e+00
 2.32662e+05
 2.29423e-26
 5.01217e-26
 2.32662e+05
 2.32662e+05
 0.00000e+00
 2.32662e+05
 2.58307e-11
 2.32662e+05
 0.00000e+00
 2.32662e+05
 0.00000e+00
 2.32662e+05
-5.16614e-11
 2.32662e+05
 0.00000e+00
 2.32662e+05
 2.32662e+05
 0.00000e+00
 2.44615e-25
 2.32662e+05
 1.16331e+05
 5.16614e-11
 0.00000e+00
 2.32662e+05
 2.32662e+05
 7.74921e-11
 2.32662e+05
 0.00000e+00
 2.32662e+05
 0.00000e+00
 2.32662e+05
 0.00000e+00
 2.32662e+05
 0.00000e+00
 2.32662e+05
 0.00000e+00
 2.32662e+05
 0.00000e+00
 2.32662e+05
 0.00000e+00
 2.32662e+05
 0.00000e+00
 2.32662e+05
-5.16614e-11
 2.32662e+05
 0.00000e+00
 2.32662e+05
 0.00000e+00
 2.32662e+05
 7.74921e-11
 2.32662e+05
 0.00000e+00
 2.32662e+05
 0.00000e+00
 2.32662e+05
 7.75541e+04
 0.00000e+00
 2.32662e+05
 2.32662e+05
-5.16614e-11
 2.32662e+05
 0.00000e+00
 2.32662e+05
 0.00000e+00
 1.16331e+05
-5.16614e-11
 2.32662e+05
 0.00000e+00
 2.58307e-11
 2.32662e+05
 0.00000e+00
 2.32662e+05
 0.00000e+00
 2.32662e+05
 0.00000e+00
 2.32662e+05
 0.00000e+00
 2.32662e+05
 2.32662e+05
 1.16331e+05
 2.32662e+05
 0.00000e+00
-1.14711e-26
 2.32662e+05
 4.36989e-25
-4.23399e-25
 1.16331e+05
-5.16614e-11
 2.32662e+05
 2.32662e+05
 0.00000e+00
 2.32662e+05
 1.16331e+05
-5.16614e-11
 2.32662e+05
 0.00000e+00
 2.32662e+05
 0.00000e+00
 5.81656e+04
-5.16614e-11
 2.32662e+05
 2.32662e+05
 0.00000e+00
 2.32662e+05
 0.00000e+00
 2.32662e+05
 0.00000e+00
 9.97125e+04
 0.00000e+00
 9.97125e+04
 0.00000e+00
 2.32662e+05
 2.32662e+05
 0.00000e+00
 2.32662e+05
 4.21281e-25
 2.32662e+05
 2.32662e+05
 0.00000e+00
 0.00000e+00
 2.32662e+05
 0.00000e+00
 2.32662e+05
 0.00000e+00
 2.32662e+05
-2.58307e-10
 0.00000e+00
 2.32662e+05
 2.32662e+05
 1.27074e+05
 2.32662e+05
 2.32662e+05
 2.32662e+05
 0.00000e+00
 2.32662e+05
-5.16614e-11
 2.32662e+05
 0.00000e+00
 2.32662e+05
 0.00000e+00
 2.32662e+05
 2.32662e+05
 0.00000e+00
 2.32662e+05
 0.00000e+00
 2.32662e+05
 2.32662e+05
 0.00000e+00
 2.32662e+05
 2.32662e+05
 2.32662e+05
 2.32662e+05
 0.00000e+00
 2.32662e+05
-5.16614e-11
-5.16614e-11
 2.32662e+05
 0.00000e+00
 2.32662e+05
 0.00000e+00
 2.32662e+05
 2.32662e+05
 2.32662e+05
 2.32662e+05
 2.32662e+05
 2.32662e+05
 0.00000e+00
 2.32662e+05
-5.16614e-11
 2.32662e+05
 0.00000e+00
 2.32662e+05
 0.00000e+00
 2.32662e+05
-5.16614e-11
 2.32662e+05
 0.00000e+00
 2.15767e+05
 2.15767e+05
 2.15767e+05
 2.15767e+05
 2.15767e+05
 2.15767e+05
 2.15767e+05
 2.15767e+05
 2.15767e+05
 2.15767e+05
 2.15767e+05
 2.15767e+05
 2.15767e+05
 2.15767e+05
 2.15767e+05
 2.15767e+05
 2.15767e+05
 2.15767e+05
 2.15767e+05
 2.15767e+05
 2.15767e+05
 2.24215e+05
 2.15767e+05
 2.15767e+05
 2.15767e+05
 2.15767e+05
 2.15767e+05
 2.15767e+05
 2.15767e+05
 2.24215e+05
 2.15767e+05
 2.15767e+05
 2.15767e+05
 2.24215e+05
 2.15767e+05
 2.15767e+05
 2.15767e+05
 2.15767e+05
 2.15767e+05
 2.15767e+05
 2.15767e+05
 2.15767e+05
 2.15767e+05
 2.15767e+05
 2.15767e+05
 2.15767e+05
 2.15767e+05
 2.15767e+05
 2.15767e+05
 2.15767e+05
 2.15767e+05
 2.15767e+05
 2.15767e+05
 2.15767e+05
 2.15767e+05
 2.15767e+05
 2.21399e+05
 2.15767e+05
 2.15767e+05
 2.15767e+05
 2.15767e+05
 2.24215e+05
 2.15767e+05
 2.15767e+05
 2.24215e+05
 2.15767e+05
 2.15767e+05
 2.27031e+05
 2.15767e+05
 2.24215e+05
 2.24215e+05
 2.15767e+05
 2.15767e+05
 2.24215e+05
 2.15767e+05
 2.15767e+05
 2.24215e+05
 2.15767e+05
 2.15767e+05
 2.15767e+05
 2.19991e+05
 2.15767e+05
 2.15767e+05
 2.15767e+05
 2.15767e+05
 2.23008e+05
 2.15767e+05
 2.23008e+05
 2.15767e+05
 2.15767e+05
 2.15767e+05
 2.15767e+05
 2.15767e+05
 2.15767e+05
 2.15767e+05
 2.15767e+05
 2.15767e+05
 2.15767e+05
 2.15767e+05
 2.15767e+05
 2.15767e+05
 2.15767e+05
 2.15767e+05
 2.15767e+05
 2.15767e+05
 2.15767e+05
 2.15767e+05
 2.15767e+05
 2.15767e+05
 2.15767e+05
 2.15767e+05
 2.15767e+05
 2.15767e+05
 2.15767e+05
 2.15767e+05
 2.15767e+05
 2.15767e+05
 2.15767e+05
 2.15767e+05
 2.22145e+05
 2.22145e+05
 2.22145e+05
 2.22145e+05
 2.22145e+05
 2.22145e+05
 2.22145e+05
 2.22145e+05
 2.22145e+05
 2.22145e+05
 2.22145e+05
 2.22145e+05
 2.22145e+05
 2.22145e+05
 2.22145e+05
 2.22145e+05
 2.22145e+05
 2.22145e+05
 2.22145e+05
 2.22145e+05
 2.22145e+05
 2.22145e+05
 2.22145e+05
 2.22145e+05
 2.18956e+05
 2.22145e+05
 2.22145e+05
 2.22145e+05
 2.22145e+05
 2.22145e+05
 2.22145e+05
 2.22145e+05
 2.22145e+05
 2.22145e+05
 2.22145e+05
 2.22145e+05
 2.22145e+05
 2.22145e+05
 2.22145e+05
 2.22145e+05
 2.22145e+05
 2.22145e+05
 2.22145e+05
 2.22145e+05
 2.22145e+05
 2.22145e+05
 2.22145e+05
 2.22145e+05
 2.22145e+05
 2.22145e+05
 2.22145e+05
 2.22145e+05
 2.22145e+05
 2.22145e+05
 2.22145e+05
 2.22145e+05
 2.22145e+05
 2.22145e+05
 2.22145e+05
 2.22145e+05
 2.22145e+05
 2.22145e+05
 2.22145e+05
 2.22145e+05
 2.22145e+05
 2.22145e+05
 2.22145e+05
 2.22145e+05
 2.18956e+05
 2.22145e+05
 2.22145e+05
 2.22145e+05
 2.22145e+05
 2.22145e+05
 2.22145e+05
 2.22145e+05
 2.22145e+05
 2.22145e+05
 2.22145e+05
 2.22145e+05
 2.22145e+05
 2.22145e+05
 2.22145e+05
 2.22145e+05
 2.22145e+05
 2.22145e+05
 2.22145e+05
 2.22145e+05
 2.22145e+05
 2.22145e+05
 2.22145e+05
 2.22145e+05
 2.22145e+05
 2.22145e+05
 2.22145e+05
 2.22145e+05
 2.22145e+05
 2.22145e+05
 2.22145e+05
 2.22145e+05
 2.22145e+05
 2.22145e+05
 2.22145e+05
 2.22145e+05
 2.22145e+05
 2.22145e+05
 2.22145e+05
 2.22145e+05
 2.24656e+05
 2.24656e+05
 2.24656e+05
 2.24656e+05
 2.24656e+05
 2.24656e+05
 2.24656e+05
 2.24656e+05
 2.24656e+05
 2.24656e+05
 2.24656e+05
 2.24656e+05
 2.24656e+05
 2.24656e+05
 2.24656e+05
 2.24656e+05
 2.24656e+05
 2.24656e+05
 2.24656e+05
 2.24656e+05
 2.23401e+05
 2.24656e+05
 2.24656e+05
 2.24656e+05
 2.24656e+05
 2.24656e+05
 2.24656e+05
 2.24656e+05
 2.24656e+05
 2.24656e+05
 2.23401e+05
 2.24656e+05
 2.24656e+05
 2.24656e+05
 2.24656e+05
 2.24656e+05
 2.24656e+05
 2.24656e+05
 2.24656e+05
 2.24656e+05
 2.24656e+05
 2.24656e+05
 2.24656e+05
 2.24656e+05
 2.24656e+05
 2.24656e+05
 2.24656e+05
 2.24656e+05
 2.24656e+05
 2.24656e+05
 2.24656e+05
 2.24656e+05
 2.24656e+05
 2.24656e+05
 2.24656e+05
 2.23401e+05
 2.24656e+05
 2.24656e+05
 2.24656e+05
 2.24656e+05
 2.23401e+05
 2.24656e+05
 2.24656e+05
 2.24656e+05
 2.24656e+05
 2.24656e+05
 2.24656e+05
 2.22773e+05
 2.24656e+05
 2.24656e+05
 2.24656e+05
 2.24656e+05
 2.24656e+05
 2.24656e+05
 2.24656e+05
 2.24656e+05
 2.24656e+05
 2.24656e+05
 2.24656e+05
 2.24656e+05
 2.24656e+05
 2.24656e+05
 2.24656e+05
 2.24656e+05
 2.24656e+05
 2.24656e+05
 2.24656e+05
 2.24656e+05
 2.24656e+05
 2.24656e+05
 2.24656e+05
 2.24656e+05
 2.24656e+05
 2.24656e+05
 2.24656e+05
 2.24656e+05
 2.24656e+05
 2.24656e+05
 2.24656e+05
 2.24656e+05
 2.24656e+05
 2.24656e+05
 2.24656e+05
 2.24656e+05
 2.24656e+05
 2.24656e+05
 2.24656e+05
 2.24656e+05
 2.24656e+05
 2.25641e+05
 2.25641e+05
 2.25641e+05
 2.25641e+05
 2.25641e+05
 2.25641e+05
 2.25641e+05
 2.25641e+05
 2.25641e+05
 2.25641e+05
 2.25641e+05
 2.25641e+05
 2.25641e+05
 2.25641e+05
 2.25641e+05
 2.25641e+05
 2.25641e+05
 2.25641e+05
 2.25149e+05
 2.25641e+05
 2.25641e+05
 2.25641e+05
 2.25641e+05
 2.25641e+05
 2.25641e+05
 2.25641e+05
 2.25641e+05
 2.25641e+05
 2.25641e+05
 2.25641e+05
 2.25149e+05
 2.25641e+05
 2.25641e+05
 2.25641e+05
 2.25641e+05
 2.25641e+05
 2.25641e+05
 2.25641e+05
 2.25641e+05
 2.25641e+05
 2.25641e+05
 2.25641e+05
 2.25641e+05
 2.25641e+05
 2.25641e+05
 2.25641e+05
 2.25641e+05
 2.25641e+05
 2.25641e+05
 2.25641e+05
 2.25641e+05
 2.25641e+05
 2.25641e+05
 2.25641e+05
 2.25641e+05
 2.25641e+05
 2.25641e+05
 2.25641e+05
 2.25641e+05
 2.25641e+05
 2.25641e+05
 2.25641e+05
 2.25641e+05
 2.25149e+05
 2.25641e+05
 2.25641e+05
 2.25641e+05
 2.25149e+05
 2.25641e+05
 2.25149e+05
 2.25641e+05
 2.25641e+05
 2.25641e+05
 2.25149e+05
 2.25641e+05
 2.25641e+05
 2.25641e+05
 2.25641e+05
 2.25395e+05
 2.25641e+05
 2.25641e+05
 2.25641e+05
 2.25641e+05
 2.25641e+05
 2.25641e+05
 2.25641e+05
 2.25641e+05
 2.25641e+05
 2.25641e+05
 2.25641e+05
 2.25641e+05
 2.25641e+05
 2.25641e+05
 2.25641e+05
 2.25641e+05
 2.25641e+05
 2.25641e+05
 2.25641e+05
 2.25641e+05
 2.25641e+05
 2.25641e+05
 2.25641e+05
 2.25641e+05
 2.25641e+05
 2.25641e+05
 2.25641e+05
 2.25641e+05
 2.25641e+05
 2.25641e+05
 2.25641e+05
 2.25641e+05
 2.25641e+05
 2.25641e+05
 2.25641e+05
 2.25641e+05
 2.25641e+05
 2.25641e+05
 2.25641e+05
 2.25641e+05
 2.25641e+05
 2.25904e+05
 2.25904e+05
 2.25904e+05
 2.25904e+05
 2.25904e+05
 2.25904e+05
 2.25904e+05
 2.25904e+05
 2.25904e+05
 2.25904e+05
 2.25904e+05
 2.25904e+05
 2.25904e+05
 2.25904e+05
 2.25904e+05
 2.25904e+05
 2.25904e+05
 2.25904e+05
 2.25904e+05
 2.25904e+05
 2.25904e+05
 2.25904e+05
 2.25904e+05
 2.25904e+05
 2.25904e+05
 2.25904e+05
 2.25904e+05
 2.25904e+05
 2.25904e+05
 2.25773e+05
 2.25904e+05
 2.25904e+05
 2.25904e+05
 2.25904e+05
 2.25904e+05
 2.25904e+05
 2.25904e+05
 2.25904e+05
 2.25904e+05
 2.25904e+05
 2.25773e+05
 2.25904e+05
 2.25904e+05
 2.25904e+05
 2.25904e+05
 2.25904e+05
 2.25904e+05
 2.25904e+05
 2.25904e+05
 2.25904e+05
 2.25904e+05
 2.25904e+05
 2.25904e+05
 2.25904e+05
 2.25904e+05
 2.25904e+05
 2.25904e+05
 2.25904e+05
 2.25904e+05
 2.25904e+05
 2.25904e+05
 2.25904e+05
 2.25773e+05
 2.25904e+05
 2.25904e+05
 2.25904e+05
 2.25904e+05
 2.25904e+05
 2.25904e+05
 2.25773e+05
 2.25773e+05
 2.25904e+05
 2.25904e+05
 2.25904e+05
 2.25773e+05
 2.25904e+05
 2.25904e+05
 2.25904e+05
 2.25904e+05
 2.25904e+05
 2.25904e+05
 2.25904e+05
 2.25838e+05
 2.25904e+05
 2.25904e+05
 2.25904e+05
 2.25904e+05
 2.25904e+05
 2.25904e+05
 2.25904e+05
 2.25904e+05
 2.25904e+05
 2.25904e+05
 2.25904e+05
 2.25904e+05
 2.25904e+05
 2.25904e+05
 2.25904e+05
 2.25904e+05
 2.25904e+05
 2.25904e+05
 2.25904e+05
 2.25904e+05
 2.25904e+05
 2.25904e+05
 2.25904e+05
 2.25904e+05
 2.25904e+05
 2.25904e+05
 2.25904e+05
 2.25904e+05
 2.25904e+05
 2.25904e+05
 2.25641e+05
 2.25641e+05
 2.25641e+05
 2.25641e+05
 2.25641e+05
 2.25641e+05
 2.25641e+05
 2.25641e+05
 2.25641e+05
 2.25641e+05
 2.25641e+05
 2.25641e+05
 2.25641e+05
 2.25641e+05
 2.25641e+05
 2.25641e+05
 2.25641e+05
 2.25641e+05
 2.25641e+05
 2.25641e+05
 2.25641e+05
 2.25641e+05
 2.25641e+05
 2.25641e+05
 2.25641e+05
 2.25641e+05
 2.25641e+05
 2.25641e+05
 2.25641e+05
 2.25641e+05
 2.25641e+05
 2.25641e+05
 2.25641e+05
 2.25641e+05
 2.25641e+05
 2.25641e+05
 2.25641e+05
 2.25641e+05
 2.25641e+05
 2.25641e+05
 2.25641e+05
 2.25641e+05
 2.25641e+05
 2.25641e+05
 2.25641e+05
 2.25641e+05
 2.25641e+05
 2.25641e+05
 2.25641e+05
 2.25641e+05
 2.25641e+05
 2.25641e+05
 2.25641e+05
 2.25641e+05
 2.25641e+05
 2.25641e+05
 2.25641e+05
 2.25641e+05
 2.25641e+05
 2.25641e+05
 2.25641e+05
 2.25641e+05
 2.25641e+05
 2.25641e+05
 2.25641e+05
 2.25641e+05
 2.25641e+05
 2.25641e+05
 2.25641e+05
 2.25641e+05
 2.25641e+05
 2.25641e+05
 2.25641e+05
 2.25641e+05
 2.25641e+05
 2.25641e+05
 2.25641e+05
 2.25641e+05
 2.25641e+05
 2.25792e+05
 2.25641e+05
 2.25641e+05
 2.25641e+05
 2.25641e+05
 2.25641e+05
 2.25641e+05
 2.25641e+05
 2.25641e+05
 2.25641e+05
 2.25641e+05
 2.25641e+05
 2.25641e+05
 2.25641e+05
 2.25641e+05
 2.25641e+05
 2.25641e+05
 2.25641e+05
 2.25641e+05
 2.25641e+05
 2.25641e+05
 2.25641e+05
 2.25641e+05
 2.25641e+05
 2.25641e+05
 2.25641e+05
 2.25641e+05
 2.25641e+05
 2.25641e+05
 2.24656e+05
 2.24656e+05
 2.24656e+05
 2.24656e+05
 2.24656e+05
 2.24656e+05
 2.24656e+05
 2.24656e+05
 2.24656e+05
 2.24656e+05
 2.24656e+05
 2.24656e+05
 2.24656e+05
 2.24656e+05
 2.24656e+05
 2.24656e+05
 2.24656e+05
 2.24656e+05
 2.24656e+05
 2.24656e+05
 2.24656e+05
 2.24656e+05
 2.25149e+05
 2.24656e+05
 2.24656e+05
 2.24656e+05
 2.24656e+05
 2.24656e+05
 2.24656e+05
 2.24656e+05
 2.24656e+05
 2.24656e+05
 2.24656e+05
 2.24656e+05
 2.24656e+05
 2.24656e+05
 2.24656e+05
 2.24656e+05
 2.24656e+05
 2.24656e+05
 2.24656e+05
 2.24656e+05
 2.24656e+05
 2.24656e+05
 2.24656e+05
 2.24656e+05
 2.24656e+05
 2.24656e+05
 2.24656e+05
 2.24656e+05
 2.24656e+05
 2.24656e+05
 2.24656e+05
 2.24656e+05
 2.24656e+05
 2.24656e+05
 2.24656e+05
 2.24656e+05
 2.24656e+05
 2.24656e+05
 2.24656e+05
 2.24656e+05
 2.24656e+05
 2.24656e+05
 2.24656e+05
 2.24656e+05
 2.24656e+05
 2.24656e+05
 2.24656e+05
 2.24656e+05
 2.24656e+05
 2.24656e+05
 2.24656e+05
 2.24656e+05
 2.24656e+05
 2.24656e+05
 2.24656e+05
 2.24656e+05
 2.24656e+05
 2.24656e+05
 2.24656e+05
 2.24656e+05
 2.24656e+05
 2.24656e+05
 2.24656e+05
 2.24656e+05
 2.24656e+05
 2.24656e+05
 2.24656e+05
 2.24656e+05
 2.24656e+05
 2.24656e+05
 2.24656e+05
 2.24656e+05
 2.24656e+05
 2.24656e+05
 2.24656e+05
 2.24656e+05
 2.24656e+05
 2.24656e+05
 2.24656e+05
 2.24656e+05
 2.24656e+05
 2.24656e+05
 2.24656e+05
 2.22145e+05
 2.22145e+05
 2.22145e+05
 2.22145e+05
 2.22145e+05
 2.22145e+05
 2.22145e+05
 2.22145e+05
 2.22145e+05
 2.22145e+05
 2.22145e+05
 2.22145e+05
 2.22145e+05
 2.22145e+05
 2.22145e+05
 2.22145e+05
 2.22145e+05
 2.22145e+05
 2.22145e+05
 2.22145e+05
 2.22145e+05
 2.22145e+05
 2.22145e+05
 2.22145e+05
 2.23401e+05
 2.22145e+05
 2.22145e+05
 2.22145e+05
 2.22145e+05
 2.22145e+05
 2.22145e+05
 2.22145e+05
 2.22145e+05
 2.22145e+05
 2.22145e+05
 2.22145e+05
 2.22145e+05
 2.22145e+05
 2.22145e+05
 2.22145e+05
 2.22145e+05
 2.22145e+05
 2.22145e+05
 2.22145e+05
 2.22145e+05
 2.22145e+05
 2.22145e+05
 2.22145e+05
 2.22145e+05
 2.22145e+05
 2.22145e+05
 2.22145e+05
 2.22145e+05
 2.22145e+05
 2.22145e+05
 2.22145e+05
 2.22145e+05
 2.22145e+05
 2.22145e+05
 2.22145e+05
 2.22145e+05
 2.22145e+05
 2.22145e+05
 2.22145e+05
 2.22145e+05
 2.22145e+05
 2.22145e+05
 2.22145e+05
 2.22145e+05
 2.22145e+05
 2.22145e+05
 2.22145e+05
 2.22145e+05
 2.22145e+05
 2.22145e+05
 2.22145e+05
 2.22145e+05
 2.22145e+05
 2.22145e+05
 2.22145e+05
 2.22145e+05
 2.23221e+05
 2.22145e+05
 2.22145e+05
 2.22145e+05
 2.22145e+05
 2.22145e+05
 2.22145e+05
 2.22145e+05
 2.22145e+05
 2.22145e+05
 2.22145e+05
 2.22145e+05
 2.22145e+05
 2.22145e+05
 2.22145e+05
 2.22145e+05
 2.22145e+05
 2.22145e+05
 2.22145e+05
 2.22145e+05
 2.22145e+05
 2.22145e+05
 2.22145e+05
 2.22145e+05
 2.22145e+05
 2.22145e+05
 2.22145e+05
 2.15767e+05
 2.15767e+05
 2.15767e+05
 2.15767e+05
 2.15767e+05
 2.15767e+05
 2.15767e+05
 2.15767e+05
 2.15767e+05
 2.15767e+05
 2.15767e+05
 2.15767e+05
 2.15767e+05
 2.15767e+05
 2.15767e+05
 2.15767e+05
 2.15767e+05
 2.15767e+05
 2.15767e+05
 2.15767e+05
 2.15767e+05
 2.15767e+05
 2.15767e+05
 2.15767e+05
 2.15767e+05
 2.15767e+05
 2.15767e+05
 2.15767e+05
 2.15767e+05
 2.15767e+05
 2.15767e+05
 2.15767e+05
 2.15767e+05
 2.15767e+05
 2.15767e+05
 2.15767e+05
 2.15767e+05
 2.15767e+05
 2.15767e+05
 2.15767e+05
 2.15767e+05
 2.15767e+05
 2.15767e+05
 2.15767e+05
 2.15767e+05
 2.15767e+05
 2.15767e+05
 2.15767e+05
 2.15767e+05
 2.15767e+05
 2.15767e+05
 2.15767e+05
 2.15767e+05
 2.15767e+05
 2.15767e+05
 2.15767e+05
 2.15767e+05
 2.15767e+05
 2.15767e+05
 2.15767e+05
 2.15767e+05
 2.15767e+05
 2.15767e+05
 2.15767e+05
 2.15767e+05
 2.15767e+05
 2.15767e+05
 2.15767e+05
 2.15767e+05
 2.15767e+05
 2.15767e+05
 2.15767e+05
 2.15767e+05
 2.15767e+05
 2.15767e+05
 2.20551e+05
 2.15767e+05
 2.15767e+05
 2.15767e+05
 2.15767e+05
 2.15767e+05
 2.15767e+05
 2.15767e+05
 2.15767e+05
 2.15767e+05
 2.15767e+05
 2.15767e+05
 2.15767e+05
 2.15767e+05
 2.15767e+05
 2.15767e+05
 2.15767e+05
 2.15767e+05
 2.15767e+05
 2.15767e+05
 2.15767e+05
 2.15767e+05
 2.15767e+05
 2.15767e+05
 2.15767e+05
 2.15767e+05
 2.15767e+05
 2.15767e+05
 2.15767e+05
 2.15767e+05
 2.15767e+05
 2.15767e+05
 2.15767e+05
 2.15767e+05
 2.32662e+05
 2.32662e+05
 2.32662e+05
 2.32662e+05
 2.32662e+05
 2.32662e+05
 2.32662e+05
 2.32662e+05
 2.32662e+05
 2.32662e+05
 2.32662e+05
 2.32662e+05
 2.32662e+05
 2.32662e+05
 2.32662e+05
 2.32662e+05
 2.32662e+05
 2.32662e+05
 2.32662e+05
 2.32662e+05
 2.32662e+05
 2.32662e+05
 2.32662e+05
 2.32662e+05
 2.32662e+05
 2.32662e+05
 2.32662e+05
 2.32662e+05
 2.32662e+05
 2.32662e+05
 2.32662e+05
 2.32662e+05
 2.32662e+05
 2.32662e+05
 2.32662e+05
 2.32662e+05
 2.32662e+05
 2.32662e+05
 2.24215e+05
 2.32662e+05
 2.32662e+05
 2.32662e+05
 2.32662e+05
 2.32662e+05
 2.32662e+05
 2.32662e+05
 2.32662e+05
 2.32662e+05
 2.32662e+05
 2.32662e+05
 2.32662e+05
 2.32662e+05
 2.32662e+05
 2.32662e+05
 2.32662e+05
 2.32662e+05
 2.32662e+05
 2.32662e+05
 2.32662e+05
 2.32662e+05
 2.32662e+05
 2.32662e+05
 2.32662e+05
 2.32662e+05
 2.32662e+05
 2.24215e+05
 2.32662e+05
 2.32662e+05
 2.32662e+05
 2.32662e+05
 2.32662e+05
 2.32662e+05
 2.32662e+05
 2.28439e+05
 2.32662e+05
 2.32662e+05
 2.32662e+05
 2.32662e+05
 2.32662e+05
 2.32662e+05
 2.32662e+05
 2.32662e+05
 2.32662e+05
 2.32662e+05
 2.32662e+05
 2.32662e+05
 2.32662e+05
 2.32662e+05
 2.32662e+05
 2.32662e+05
 2.32662e+05
 2.32662e+05
 2.32662e+05
 2.32662e+05
 2.32662e+05
 2.32662e+05
 2.32662e+05
 2.32662e+05
 2.32662e+05
 2.32662e+05
 2.32662e+05
 2.32662e+05
 2.32662e+05
 2.32662e+05
 2.32662e+05
 2.32662e+05
 2.32662e+05
 1.27074e+05
 0.00000e+00
 0.00000e+00
 0.00000e+00
 0.00000e+00
 0.00000e+00
 0.00000e+00
 0.00000e+00
 0.00000e+00
 0.00000e+00
 0.00000e+00
 0.00000e+00
 0.00000e+00
 0.00000e+00
 0.00000e+00
 0.00000e+00
 0.00000e+00
 0.00000e+00
 0.00000e+00
 0.00000e+00
 0.00000e+00
 0.00000e+00
 0.00000e+00
 0.00000e+00
 0.00000e+00
 0.00000e+00
 2.29423e-26
 7.30640e-26
 0.00000e+00
 0.00000e+00
 0.00000e+00
 0.00000e+00
 0.00000e+00
 0.00000e+00
 0.00000e+00
 0.00000e+00
 2.17435e-25
 0.00000e+00
 0.00000e+00
 1.16331e+05
-5.01217e-26
 0.00000e+00
 0.00000e+00
 0.00000e+00
 0.00000e+00
 0.00000e+00
 0.00000e+00
 0.00000e+00
 0.00000e+00
 0.00000e+00
 0.00000e+00
 0.00000e+00
 0.00000e+00
 0.00000e+00
 0.00000e+00
 0.00000e+00
 0.00000e+00
 0.00000e+00
 0.00000e+00
 0.00000e+00
 0.00000e+00
 0.00000e+00
 0.00000e+00
 0.00000e+00
 0.00000e+00
 0.00000e+00
 0.00000e+00
 1.35897e-26
 0.00000e+00
 1.16331e+05
 4.23399e-25
-4.11928e-25
 0.00000e+00
 0.00000e+00
 0.00000e+00
 0.00000e+00
 0.00000e+00
 0.00000e+00
 0.00000e+00
 0.00000e+00
 0.00000e+00
 0.00000e+00
 0.00000e+00
 0.00000e+00
 4.46342e-25
 0.00000e+00
 0.00000e+00
 0.00000e+00
 0.00000e+00
 2.13198e-25
 0.00000e+00
 1.27074e+05
 0.00000e+00
 0.00000e+00
 0.00000e+00
 0.00000e+00
 0.00000e+00
 0.00000e+00
 0.00000e+00
 0.00000e+00
 0.00000e+00
 0.00000e+00
 0.00000e+00
 0.00000e+00
 0.00000e+00
 0.00000e+00
 0.00000e+00
 0.00000e+00
