scalar
part
         1
coordinates
 6.41677e+05
 6.49337e+05
 6.49337e+05
 0.00000e+00
 6.49337e+05
 0.00000e+00
 6.49337e+05
 0.00000e+00
 6.49337e+05
 0.00000e+00
 6.49337e+05
 0.00000e+00
 6.49337e+05
 0.00000e+00
 1.44182e-10
 6.49337e+05
 0.00000e+00
 6.49337e+05
 0.00000e+00
 6.49337e+05
 0.00000e+00
 6.49337e+05
 0.00000e+00
 6.49337e+05
 0.00000e+00
 6.49337e+05
 0.00000e+00
 6.49337e+05
 0.00000e+00
 6.49337e+05
 0.00000e+00
 6.49337e+05
 0.00000e+00
 6.49337e+05
 0.00000e+00
 6.49337e+05
 0.00000e+00
 6.49337e+05
 0.00000e+00
 6.49337e+05
 0.00000e+00
 0.00000e+00
 6.49337e+05
 0.00000e+00
 6.49337e+05
 0.00000e+00
 6.49337e+05
 0.00000e+00
 6.49337e+05
 0.00000e+00
 6.49337e+05
 6.40296e-26
 2.53097e-25
 6.49337e+05
 6.49337e+05
 0.00000e+00
 6.49337e+05
 7.20909e-11
 6.49337e+05
 0.00000e+00
 6.49337e+05
 0.00000e+00
 6.49337e+05
-1.44182e-10
 6.49337e+05
 0.00000e+00
 6.49337e+05
 6.49337e+05
 0.00000e+00
 1.70161e-24
 6.49337e+05
 3.24668e+05
 1.44182e-10
 0.00000e+00
 6.49337e+05
 6.49337e+05
 2.16273e-10
 6.49337e+05
 0.00000e+00
 6.49337e+05
 0.00000e+00
 6.49337e+05
 0.00000e+00
 6.49337e+05
 0.00000e+00
 6.49337e+05
 0.00000e+00
 6.49337e+05
 0.00000e+00
 6.49337e+05
 0.00000e+00
 6.49337e+05
 0.00000e+00
 6.49337e+05
-1.44182e-10
 6.49337e+05
 0.00000e+00
 6.49337e+05
 0.00000e+00
 6.49337e+05
 2.16273e-10
 6.49337e+05
 0.00000e+00
 6.49337e+05
 0.00000e+00
 6.49337e+05
 2.16446e+05
 0.00000e+00
 6.49337e+05
 6.49337e+05
-1.44182e-10
 6.49337e+05
 0.00000e+00
 6.49337e+05
 0.00000e+00
 3.24668e+05
-1.44182e-10
 6.49337e+05
 0.00000e+00
 7.20909e-11
 6.49337e+05
 0.00000e+00
 6.49337e+05
 0.00000e+00
 6.49337e+05
 0.00000e+00
 6.49337e+05
 0.00000e+00
 6.49337e+05
 6.49337e+05
 3.24668e+05
 6.49337e+05
 0.00000e+00
-3.20148e-26
 6.49337e+05
 3.08759e-24
-2.99306e-24
 3.24668e+05
-1.44182e-10
 6.49337e+05
 6.49337e+05
 0.00000e+00
 6.49337e+05
 3.24668e+05
-1.44182e-10
 6.49337e+05
 0.00000e+00
 6.49337e+05
 0.00000e+00
 1.62334e+05
-1.44182e-10
 6.49337e+05
 6.49337e+05
 0.00000e+00
 6.49337e+05
 0.00000e+00
 6.49337e+05
 0.00000e+00
 2.78287e+05
 0.00000e+00
 2.78287e+05
 0.00000e+00
 6.49337e+05
 6.49337e+05
 0.00000e+00
 6.49337e+05
 2.93054e-24
 6.49337e+05
 6.49337e+05
 0.00000e+00
 0.00000e+00
 6.49337e+05
 0.00000e+00
 6.49337e+05
 0.00000e+00
 6.49337e+05
-7.20909e-10
 0.00000e+00
 6.49337e+05
 6.49337e+05
 6.41677e+05
 6.49337e+05
 6.49337e+05
 6.49337e+05
 0.00000e+00
 6.49337e+05
-1.44182e-10
 6.49337e+05
 0.00000e+00
 6.49337e+05
 0.00000e+00
 6.49337e+05
 6.49337e+05
 0.00000e+00
 6.49337e+05
 0.00000e+00
 6.49337e+05
 6.49337e+05
 0.00000e+00
 6.49337e+05
 6.49337e+05
 6.49337e+05
 6.49337e+05
 0.00000e+00
 6.49337e+05
-1.44182e-10
-1.44182e-10
 6.49337e+05
 0.00000e+00
 6.49337e+05
 0.00000e+00
 6.49337e+05
 6.49337e+05
 6.49337e+05
 6.49337e+05
 6.49337e+05
 6.49337e+05
 0.00000e+00
 6.49337e+05
-1.44182e-10
 6.49337e+05
 0.00000e+00
 6.49337e+05
 0.00000e+00
 6.49337e+05
-1.44182e-10
 6.49337e+05
 0.00000e+00
 1.53834e+04
 1.53834e+04
 1.53834e+04
 1.53834e+04
 1.53834e+04
 1.53834e+04
 1.53834e+04
 1.53834e+04
 1.53834e+04
 1.53834e+04
 1.53834e+04
 1.53834e+04
 1.53834e+04
 1.53834e+04
 1.53834e+04
 1.53834e+04
 1.53834e+04
 1.53834e+04
 1.53834e+04
 1.53834e+04
 1.53834e+04
 3.32360e+05
 1.53834e+04
 1.53834e+04
 1.53834e+04
 1.53834e+04
 1.53834e+04
 1.53834e+04
 1.53834e+04
 3.32360e+05
 1.53834e+04
 1.53834e+04
 1.53834e+04
 3.32360e+05
 1.53834e+04
 1.53834e+04
 1.53834e+04
 1.53834e+04
 1.53834e+04
 1.53834e+04
 1.53834e+04
 1.53834e+04
 1.53834e+04
 1.53834e+04
 1.53834e+04
 1.53834e+04
 1.53834e+04
 1.53834e+04
 1.53834e+04
 1.53834e+04
 1.53834e+04
 1.53834e+04
 1.53834e+04
 1.53834e+04
 1.53834e+04
 1.53834e+04
 2.26701e+05
 1.53834e+04
 1.53834e+04
 1.53834e+04
 1.53834e+04
 3.32360e+05
 1.53834e+04
 1.53834e+04
 3.32360e+05
 1.53834e+04
 1.53834e+04
 4.38019e+05
 1.53834e+04
 3.32360e+05
 3.32360e+05
 1.53834e+04
 1.53834e+04
 3.32360e+05
 1.53834e+04
 1.53834e+04
 3.32360e+05
 1.53834e+04
 1.53834e+04
 1.53834e+04
 1.73872e+05
 1.53834e+04
 1.53834e+04
 1.53834e+04
 1.53834e+04
 2.87078e+05
 1.53834e+04
 2.87078e+05
 1.53834e+04
 1.53834e+04
 1.53834e+04
 1.53834e+04
 1.53834e+04
 1.53834e+04
 1.53834e+04
 1.53834e+04
 1.53834e+04
 1.53834e+04
 1.53834e+04
 1.53834e+04
 1.53834e+04
 1.53834e+04
 1.53834e+04
 1.53834e+04
 1.53834e+04
 1.53834e+04
 1.53834e+04
 1.53834e+04
 1.53834e+04
 1.53834e+04
 1.53834e+04
 1.53834e+04
 1.53834e+04
 1.53834e+04
 1.53834e+04
 1.53834e+04
 1.53834e+04
 1.53834e+04
 1.53834e+04
 1.54933e+04
 1.54933e+04
 1.54933e+04
 1.54933e+04
 1.54933e+04
 1.54933e+04
 1.54933e+04
 1.54933e+04
 1.54933e+04
 1.54933e+04
 1.54933e+04
 1.54933e+04
 1.54933e+04
 1.54933e+04
 1.54933e+04
 1.54933e+04
 1.54933e+04
 1.54933e+04
 1.54933e+04
 1.54933e+04
 1.54933e+04
 1.54933e+04
 1.54933e+04
 1.54933e+04
 1.54383e+04
 1.54933e+04
 1.54933e+04
 1.54933e+04
 1.54933e+04
 1.54933e+04
 1.54933e+04
 1.54933e+04
 1.54933e+04
 1.54933e+04
 1.54933e+04
 1.54933e+04
 1.54933e+04
 1.54933e+04
 1.54933e+04
 1.54933e+04
 1.54933e+04
 1.54933e+04
 1.54933e+04
 1.54933e+04
 1.54933e+04
 1.54933e+04
 1.54933e+04
 1.54933e+04
 1.54933e+04
 1.54933e+04
 1.54933e+04
 1.54933e+04
 1.54933e+04
 1.54933e+04
 1.54933e+04
 1.54933e+04
 1.54933e+04
 1.54933e+04
 1.54933e+04
 1.54933e+04
 1.54933e+04
 1.54933e+04
 1.54933e+04
 1.54933e+04
 1.54933e+04
 1.54933e+04
 1.54933e+04
 1.54933e+04
 1.54383e+04
 1.54933e+04
 1.54933e+04
 1.54933e+04
 1.54933e+04
 1.54933e+04
 1.54933e+04
 1.54933e+04
 1.54933e+04
 1.54933e+04
 1.54933e+04
 1.54933e+04
 1.54933e+04
 1.54933e+04
 1.54933e+04
 1.54933e+04
 1.54933e+04
 1.54933e+04
 1.54933e+04
 1.54933e+04
 1.54933e+04
 1.54933e+04
 1.54933e+04
 1.54933e+04
 1.54933e+04
 1.54933e+04
 1.54933e+04
 1.54933e+04
 1.54933e+04
 1.54933e+04
 1.54933e+04
 1.54933e+04
 1.54933e+04
 1.54933e+04
 1.54933e+04
 1.54933e+04
 1.54933e+04
 1.54933e+04
 1.54933e+04
 1.54933e+04
 1.55717e+04
 1.55717e+04
 1.55717e+04
 1.55717e+04
 1.55717e+04
 1.55717e+04
 1.55717e+04
 1.55717e+04
 1.55717e+04
 1.55717e+04
 1.55717e+04
 1.55717e+04
 1.55717e+04
 1.55717e+04
 1.55717e+04
 1.55717e+04
 1.55717e+04
 1.55717e+04
 1.55717e+04
 1.55717e+04
 1.55325e+04
 1.55717e+04
 1.55717e+04
 1.55717e+04
 1.55717e+04
 1.55717e+04
 1.55717e+04
 1.55717e+04
 1.55717e+04
 1.55717e+04
 1.55325e+04
 1.55717e+04
 1.55717e+04
 1.55717e+04
 1.55717e+04
 1.55717e+04
 1.55717e+04
 1.55717e+04
 1.55717e+04
 1.55717e+04
 1.55717e+04
 1.55717e+04
 1.55717e+04
 1.55717e+04
 1.55717e+04
 1.55717e+04
 1.55717e+04
 1.55717e+04
 1.55717e+04
 1.55717e+04
 1.55717e+04
 1.55717e+04
 1.55717e+04
 1.55717e+04
 1.55717e+04
 1.55325e+04
 1.55717e+04
 1.55717e+04
 1.55717e+04
 1.55717e+04
 1.55325e+04
 1.55717e+04
 1.55717e+04
 1.55717e+04
 1.55717e+04
 1.55717e+04
 1.55717e+04
 1.55129e+04
 1.55717e+04
 1.55717e+04
 1.55717e+04
 1.55717e+04
 1.55717e+04
 1.55717e+04
 1.55717e+04
 1.55717e+04
 1.55717e+04
 1.55717e+04
 1.55717e+04
 1.55717e+04
 1.55717e+04
 1.55717e+04
 1.55717e+04
 1.55717e+04
 1.55717e+04
 1.55717e+04
 1.55717e+04
 1.55717e+04
 1.55717e+04
 1.55717e+04
 1.55717e+04
 1.55717e+04
 1.55717e+04
 1.55717e+04
 1.55717e+04
 1.55717e+04
 1.55717e+04
 1.55717e+04
 1.55717e+04
 1.55717e+04
 1.55717e+04
 1.55717e+04
 1.55717e+04
 1.55717e+04
 1.55717e+04
 1.55717e+04
 1.55717e+04
 1.55717e+04
 1.55717e+04
 1.56188e+04
 1.56188e+04
 1.56188e+04
 1.56188e+04
 1.56188e+04
 1.56188e+04
 1.56188e+04
 1.56188e+04
 1.56188e+04
 1.56188e+04
 1.56188e+04
 1.56188e+04
 1.56188e+04
 1.56188e+04
 1.56188e+04
 1.56188e+04
 1.56188e+04
 1.56188e+04
 1.55952e+04
 1.56188e+04
 1.56188e+04
 1.56188e+04
 1.56188e+04
 1.56188e+04
 1.56188e+04
 1.56188e+04
 1.56188e+04
 1.56188e+04
 1.56188e+04
 1.56188e+04
 1.55952e+04
 1.56188e+04
 1.56188e+04
 1.56188e+04
 1.56188e+04
 1.56188e+04
 1.56188e+04
 1.56188e+04
 1.56188e+04
 1.56188e+04
 1.56188e+04
 1.56188e+04
 1.56188e+04
 1.56188e+04
 1.56188e+04
 1.56188e+04
 1.56188e+04
 1.56188e+04
 1.56188e+04
 1.56188e+04
 1.56188e+04
 1.56188e+04
 1.56188e+04
 1.56188e+04
 1.56188e+04
 1.56188e+04
 1.56188e+04
 1.56188e+04
 1.56188e+04
 1.56188e+04
 1.56188e+04
 1.56188e+04
 1.56188e+04
 1.55952e+04
 1.56188e+04
 1.56188e+04
 1.56188e+04
 1.55952e+04
 1.56188e+04
 1.55952e+04
 1.56188e+04
 1.56188e+04
 1.56188e+04
 1.55952e+04
 1.56188e+04
 1.56188e+04
 1.56188e+04
 1.56188e+04
 1.56070e+04
 1.56188e+04
 1.56188e+04
 1.56188e+04
 1.56188e+04
 1.56188e+04
 1.56188e+04
 1.56188e+04
 1.56188e+04
 1.56188e+04
 1.56188e+04
 1.56188e+04
 1.56188e+04
 1.56188e+04
 1.56188e+04
 1.56188e+04
 1.56188e+04
 1.56188e+04
 1.56188e+04
 1.56188e+04
 1.56188e+04
 1.56188e+04
 1.56188e+04
 1.56188e+04
 1.56188e+04
 1.56188e+04
 1.56188e+04
 1.56188e+04
 1.56188e+04
 1.56188e+04
 1.56188e+04
 1.56188e+04
 1.56188e+04
 1.56188e+04
 1.56188e+04
 1.56188e+04
 1.56188e+04
 1.56188e+04
 1.56188e+04
 1.56188e+04
 1.56188e+04
 1.56188e+04
 1.56344e+04
 1.56344e+04
 1.56344e+04
 1.56344e+04
 1.56344e+04
 1.56344e+04
 1.56344e+04
 1.56344e+04
 1.56344e+04
 1.56344e+04
 1.56344e+04
 1.56344e+04
 1.56344e+04
 1.56344e+04
 1.56344e+04
 1.56344e+04
 1.56344e+04
 1.56344e+04
 1.56344e+04
 1.56344e+04
 1.56344e+04
 1.56344e+04
 1.56344e+04
 1.56344e+04
 1.56344e+04
 1.56344e+04
 1.56344e+04
 1.56344e+04
 1.56344e+04
 1.56266e+04
 1.56344e+04
 1.56344e+04
 1.56344e+04
 1.56344e+04
 1.56344e+04
 1.56344e+04
 1.56344e+04
 1.56344e+04
 1.56344e+04
 1.56344e+04
 1.56266e+04
 1.56344e+04
 1.56344e+04
 1.56344e+04
 1.56344e+04
 1.56344e+04
 1.56344e+04
 1.56344e+04
 1.56344e+04
 1.56344e+04
 1.56344e+04
 1.56344e+04
 1.56344e+04
 1.56344e+04
 1.56344e+04
 1.56344e+04
 1.56344e+04
 1.56344e+04
 1.56344e+04
 1.56344e+04
 1.56344e+04
 1.56344e+04
 1.56266e+04
 1.56344e+04
 1.56344e+04
 1.56344e+04
 1.56344e+04
 1.56344e+04
 1.56344e+04
 1.56266e+04
 1.56266e+04
 1.56344e+04
 1.56344e+04
 1.56344e+04
 1.56266e+04
 1.56344e+04
 1.56344e+04
 1.56344e+04
 1.56344e+04
 1.56344e+04
 1.56344e+04
 1.56344e+04
 1.56305e+04
 1.56344e+04
 1.56344e+04
 1.56344e+04
 1.56344e+04
 1.56344e+04
 1.56344e+04
 1.56344e+04
 1.56344e+04
 1.56344e+04
 1.56344e+04
 1.56344e+04
 1.56344e+04
 1.56344e+04
 1.56344e+04
 1.56344e+04
 1.56344e+04
 1.56344e+04
 1.56344e+04
 1.56344e+04
 1.56344e+04
 1.56344e+04
 1.56344e+04
 1.56344e+04
 1.56344e+04
 1.56344e+04
 1.56344e+04
 1.56344e+04
 1.56344e+04
 1.56344e+04
 1.56344e+04
 1.56188e+04
 1.56188e+04
 1.56188e+04
 1.56188e+04
 1.56188e+04
 1.56188e+04
 1.56188e+04
 1.56188e+04
 1.56188e+04
 1.56188e+04
 1.56188e+04
 1.56188e+04
 1.56188e+04
 1.56188e+04
 1.56188e+04
 1.56188e+04
 1.56188e+04
 1.56188e+04
 1.56188e+04
 1.56188e+04
 1.56188e+04
 1.56188e+04
 1.56188e+04
 1.56188e+04
 1.56188e+04
 1.56188e+04
 1.56188e+04
 1.56188e+04
 1.56188e+04
 1.56188e+04
 1.56188e+04
 1.56188e+04
 1.56188e+04
 1.56188e+04
 1.56188e+04
 1.56188e+04
 1.56188e+04
 1.56188e+04
 1.56188e+04
 1.56188e+04
 1.56188e+04
 1.56188e+04
 1.56188e+04
 1.56188e+04
 1.56188e+04
 1.56188e+04
 1.56188e+04
 1.56188e+04
 1.56188e+04
 1.56188e+04
 1.56188e+04
 1.56188e+04
 1.56188e+04
 1.56188e+04
 1.56188e+04
 1.56188e+04
 1.56188e+04
 1.56188e+04
 1.56188e+04
 1.56188e+04
 1.56188e+04
 1.56188e+04
 1.56188e+04
 1.56188e+04
 1.56188e+04
 1.56188e+04
 1.56188e+04
 1.56188e+04
 1.56188e+04
 1.56188e+04
 1.56188e+04
 1.56188e+04
 1.56188e+04
 1.56188e+04
 1.56188e+04
 1.56188e+04
 1.56188e+04
 1.56188e+04
 1.56188e+04
 1.56277e+04
 1.56188e+04
 1.56188e+04
 1.56188e+04
 1.56188e+04
 1.56188e+04
 1.56188e+04
 1.56188e+04
 1.56188e+04
 1.56188e+04
 1.56188e+04
 1.56188e+04
 1.56188e+04
 1.56188e+04
 1.56188e+04
 1.56188e+04
 1.56188e+04
 1.56188e+04
 1.56188e+04
 1.56188e+04
 1.56188e+04
 1.56188e+04
 1.56188e+04
 1.56188e+04
 1.56188e+04
 1.56188e+04
 1.56188e+04
 1.56188e+04
 1.56188e+04
 1.55717e+04
 1.55717e+04
 1.55717e+04
 1.55717e+04
 1.55717e+04
 1.55717e+04
 1.55717e+04
 1.55717e+04
 1.55717e+04
 1.55717e+04
 1.55717e+04
 1.55717e+04
 1.55717e+04
 1.55717e+04
 1.55717e+04
 1.55717e+04
 1.55717e+04
 1.55717e+04
 1.55717e+04
 1.55717e+04
 1.55717e+04
 1.55717e+04
 1.55952e+04
 1.55717e+04
 1.55717e+04
 1.55717e+04
 1.55717e+04
 1.55717e+04
 1.55717e+04
 1.55717e+04
 1.55717e+04
 1.55717e+04
 1.55717e+04
 1.55717e+04
 1.55717e+04
 1.55717e+04
 1.55717e+04
 1.55717e+04
 1.55717e+04
 1.55717e+04
 1.55717e+04
 1.55717e+04
 1.55717e+04
 1.55717e+04
 1.55717e+04
 1.55717e+04
 1.55717e+04
 1.55717e+04
 1.55717e+04
 1.55717e+04
 1.55717e+04
 1.55717e+04
 1.55717e+04
 1.55717e+04
 1.55717e+04
 1.55717e+04
 1.55717e+04
 1.55717e+04
 1.55717e+04
 1.55717e+04
 1.55717e+04
 1.55717e+04
 1.55717e+04
 1.55717e+04
 1.55717e+04
 1.55717e+04
 1.55717e+04
 1.55717e+04
 1.55717e+04
 1.55717e+04
 1.55717e+04
 1.55717e+04
 1.55717e+04
 1.55717e+04
 1.55717e+04
 1.55717e+04
 1.55717e+04
 1.55717e+04
 1.55717e+04
 1.55717e+04
 1.55717e+04
 1.55717e+04
 1.55717e+04
 1.55717e+04
 1.55717e+04
 1.55717e+04
 1.55717e+04
 1.55717e+04
 1.55717e+04
 1.55717e+04
 1.55717e+04
 1.55717e+04
 1.55717e+04
 1.55717e+04
 1.55717e+04
 1.55717e+04
 1.55717e+04
 1.55717e+04
 1.55717e+04
 1.55717e+04
 1.55717e+04
 1.55717e+04
 1.55717e+04
 1.55717e+04
 1.55717e+04
 1.54933e+04
 1.54933e+04
 1.54933e+04
 1.54933e+04
 1.54933e+04
 1.54933e+04
 1.54933e+04
 1.54933e+04
 1.54933e+04
 1.54933e+04
 1.54933e+04
 1.54933e+04
 1.54933e+04
 1.54933e+04
 1.54933e+04
 1.54933e+04
 1.54933e+04
 1.54933e+04
 1.54933e+04
 1.54933e+04
 1.54933e+04
 1.54933e+04
 1.54933e+04
 1.54933e+04
 1.55325e+04
 1.54933e+04
 1.54933e+04
 1.54933e+04
 1.54933e+04
 1.54933e+04
 1.54933e+04
 1.54933e+04
 1.54933e+04
 1.54933e+04
 1.54933e+04
 1.54933e+04
 1.54933e+04
 1.54933e+04
 1.54933e+04
 1.54933e+04
 1.54933e+04
 1.54933e+04
 1.54933e+04
 1.54933e+04
 1.54933e+04
 1.54933e+04
 1.54933e+04
 1.54933e+04
 1.54933e+04
 1.54933e+04
 1.54933e+04
 1.54933e+04
 1.54933e+04
 1.54933e+04
 1.54933e+04
 1.54933e+04
 1.54933e+04
 1.54933e+04
 1.54933e+04
 1.54933e+04
 1.54933e+04
 1.54933e+04
 1.54933e+04
 1.54933e+04
 1.54933e+04
 1.54933e+04
 1.54933e+04
 1.54933e+04
 1.54933e+04
 1.54933e+04
 1.54933e+04
 1.54933e+04
 1.54933e+04
 1.54933e+04
 1.54933e+04
 1.54933e+04
 1.54933e+04
 1.54933e+04
 1.54933e+04
 1.54933e+04
 1.54933e+04
 1.55269e+04
 1.54933e+04
 1.54933e+04
 1.54933e+04
 1.54933e+04
 1.54933e+04
 1.54933e+04
 1.54933e+04
 1.54933e+04
 1.54933e+04
 1.54933e+04
 1.54933e+04
 1.54933e+04
 1.54933e+04
 1.54933e+04
 1.54933e+04
 1.54933e+04
 1.54933e+04
 1.54933e+04
 1.54933e+04
 1.54933e+04
 1.54933e+04
 1.54933e+04
 1.54933e+04
 1.54933e+04
 1.54933e+04
 1.54933e+04
 1.53834e+04
 1.53834e+04
 1.53834e+04
 1.53834e+04
 1.53834e+04
 1.53834e+04
 1.53834e+04
 1.53834e+04
 1.53834e+04
 1.53834e+04
 1.53834e+04
 1.53834e+04
 1.53834e+04
 1.53834e+04
 1.53834e+04
 1.53834e+04
 1.53834e+04
 1.53834e+04
 1.53834e+04
 1.53834e+04
 1.53834e+04
 1.53834e+04
 1.53834e+04
 1.53834e+04
 1.53834e+04
 1.53834e+04
 1.53834e+04
 1.53834e+04
 1.53834e+04
 1.53834e+04
 1.53834e+04
 1.53834e+04
 1.53834e+04
 1.53834e+04
 1.53834e+04
 1.53834e+04
 1.53834e+04
 1.53834e+04
 1.53834e+04
 1.53834e+04
 1.53834e+04
 1.53834e+04
 1.53834e+04
 1.53834e+04
 1.53834e+04
 1.53834e+04
 1.53834e+04
 1.53834e+04
 1.53834e+04
 1.53834e+04
 1.53834e+04
 1.53834e+04
 1.53834e+04
 1.53834e+04
 1.53834e+04
 1.53834e+04
 1.53834e+04
 1.53834e+04
 1.53834e+04
 1.53834e+04
 1.53834e+04
 1.53834e+04
 1.53834e+04
 1.53834e+04
 1.53834e+04
 1.53834e+04
 1.53834e+04
 1.53834e+04
 1.53834e+04
 1.53834e+04
 1.53834e+04
 1.53834e+04
 1.53834e+04
 1.53834e+04
 1.53834e+04
 1.54658e+04
 1.53834e+04
 1.53834e+04
 1.53834e+04
 1.53834e+04
 1.53834e+04
 1.53834e+04
 1.53834e+04
 1.53834e+04
 1.53834e+04
 1.53834e+04
 1.53834e+04
 1.53834e+04
 1.53834e+04
 1.53834e+04
 1.53834e+04
 1.53834e+04
 1.53834e+04
 1.53834e+04
 1.53834e+04
 1.53834e+04
 1.53834e+04
 1.53834e+04
 1.53834e+04
 1.53834e+04
 1.53834e+04
 1.53834e+04
 1.53834e+04
 1.53834e+04
 1.53834e+04
 1.53834e+04
 1.53834e+04
 1.53834e+04
 1.53834e+04
 6.49337e+05
 6.49337e+05
 6.49337e+05
 6.49337e+05
 6.49337e+05
 6.49337e+05
 6.49337e+05
 6.49337e+05
 6.49337e+05
 6.49337e+05
 6.49337e+05
 6.49337e+05
 6.49337e+05
 6.49337e+05
 6.49337e+05
 6.49337e+05
 6.49337e+05
 6.49337e+05
 6.49337e+05
 6.49337e+05
 6.49337e+05
 6.49337e+05
 6.49337e+05
 6.49337e+05
 6.49337e+05
 6.49337e+05
 6.49337e+05
 6.49337e+05
 6.49337e+05
 6.49337e+05
 6.49337e+05
 6.49337e+05
 6.49337e+05
 6.49337e+05
 6.49337e+05
 6.49337e+05
 6.49337e+05
 6.49337e+05
 3.32360e+05
 6.49337e+05
 6.49337e+05
 6.49337e+05
 6.49337e+05
 6.49337e+05
 6.49337e+05
 6.49337e+05
 6.49337e+05
 6.49337e+05
 6.49337e+05
 6.49337e+05
 6.49337e+05
 6.49337e+05
 6.49337e+05
 6.49337e+05
 6.49337e+05
 6.49337e+05
 6.49337e+05
 6.49337e+05
 6.49337e+05
 6.49337e+05
 6.49337e+05
 6.49337e+05
 6.49337e+05
 6.49337e+05
 6.49337e+05
 3.32360e+05
 6.49337e+05
 6.49337e+05
 6.49337e+05
 6.49337e+05
 6.49337e+05
 6.49337e+05
 6.49337e+05
 4.90849e+05
 6.49337e+05
 6.49337e+05
 6.49337e+05
 6.49337e+05
 6.49337e+05
 6.49337e+05
 6.49337e+05
 6.49337e+05
 6.49337e+05
 6.49337e+05
 6.49337e+05
 6.49337e+05
 6.49337e+05
 6.49337e+05
 6.49337e+05
 6.49337e+05
 6.49337e+05
 6.49337e+05
 6.49337e+05
 6.49337e+05
 6.49337e+05
 6.49337e+05
 6.49337e+05
 6.49337e+05
 6.49337e+05
 6.49337e+05
 6.49337e+05
 6.49337e+05
 6.49337e+05
 6.49337e+05
 6.49337e+05
 6.49337e+05
 6.49337e+05
 6.41677e+05
 0.00000e+00
 0.00000e+00
 0.00000e+00
 0.00000e+00
 0.00000e+00
 0.00000e+00
 0.00000e+00
 0.00000e+00
 0.00000e+00
 0.00000e+00
 0.00000e+00
 0.00000e+00
 0.00000e+00
 0.00000e+00
 0.00000e+00
 0.00000e+00
 0.00000e+00
 0.00000e+00
 0.00000e+00
 0.00000e+00
 0.00000e+00
 0.00000e+00
 0.00000e+00
 0.00000e+00
 0.00000e+00
 6.40296e-26
 3.17126e-25
 0.00000e+00
 0.00000e+00
 0.00000e+00
 0.00000e+00
 0.00000e+00
 0.00000e+00
 0.00000e+00
 0.00000e+00
 1.51254e-24
 0.00000e+00
 0.00000e+00
 3.24668e+05
-2.53097e-25
 0.00000e+00
 0.00000e+00
 0.00000e+00
 0.00000e+00
 0.00000e+00
 0.00000e+00
 0.00000e+00
 0.00000e+00
 0.00000e+00
 0.00000e+00
 0.00000e+00
 0.00000e+00
 0.00000e+00
 0.00000e+00
 0.00000e+00
 0.00000e+00
 0.00000e+00
 0.00000e+00
 0.00000e+00
 0.00000e+00
 0.00000e+00
 0.00000e+00
 0.00000e+00
 0.00000e+00
 0.00000e+00
 0.00000e+00
 9.45336e-26
 0.00000e+00
 3.24668e+05
 2.99306e-24
-2.96105e-24
 0.00000e+00
 0.00000e+00
 0.00000e+00
 0.00000e+00
 0.00000e+00
 0.00000e+00
 0.00000e+00
 0.00000e+00
 0.00000e+00
 0.00000e+00
 0.00000e+00
 0.00000e+00
 3.05709e-24
 0.00000e+00
 0.00000e+00
 0.00000e+00
 0.00000e+00
 1.38750e-24
 0.00000e+00
 6.41677e+05
 0.00000e+00
 0.00000e+00
 0.00000e+00
 0.00000e+00
 0.00000e+00
 0.00000e+00
 0.00000e+00
 0.00000e+00
 0.00000e+00
 0.00000e+00
 0.00000e+00
 0.00000e+00
 0.00000e+00
 0.00000e+00
 0.00000e+00
 0.00000e+00
