scalar
part
         1
coordinates
 3.25499e+05
 3.32840e+05
 3.32840e+05
 0.00000e+00
 3.32840e+05
 0.00000e+00
 3.32840e+05
 0.00000e+00
 3.32840e+05
 0.00000e+00
 3.32840e+05
 0.00000e+00
 3.32840e+05
 0.00000e+00
 3.32840e+05
 0.00000e+00
 3.69527e-11
 3.32840e+05
 0.00000e+00
 3.32840e+05
 0.00000e+00
 3.32840e+05
 0.00000e+00
 3.32840e+05
 0.00000e+00
 3.32840e+05
 3.32840e+05
 0.00000e+00
 3.32840e+05
 3.69527e-11
 3.32840e+05
-7.39054e-11
 3.32840e+05
-7.39054e-11
 3.32840e+05
-7.39054e-11
 0.00000e+00
 3.32840e+05
 3.69527e-11
 3.32840e+05
 0.00000e+00
 3.32840e+05
 0.00000e+00
 3.32840e+05
 0.00000e+00
 3.32840e+05
 0.00000e+00
 3.32840e+05
 0.00000e+00
 3.32840e+05
 0.00000e+00
 3.32840e+05
 0.00000e+00
 3.32840e+05
 0.00000e+00
 3.32840e+05
-7.39054e-11
 3.32840e+05
-7.39054e-11
 3.32840e+05
 0.00000e+00
 3.32840e+05
-7.39054e-11
 3.32840e+05
 3.32840e+05
 0.00000e+00
 0.00000e+00
 3.32840e+05
 0.00000e+00
 3.32840e+05
 0.00000e+00
 3.32840e+05
 0.00000e+00
 3.32840e+05
 0.00000e+00
 3.32840e+05
 0.00000e+00
 3.32840e+05
 3.58373e-25
 3.32840e+05
 3.32840e+05
 0.00000e+00
-5.97288e-25
 3.32840e+05
-1.84763e-10
 3.32840e+05
 3.32840e+05
 0.00000e+00
 3.32840e+05
 3.32840e+05
 0.00000e+00
 3.32840e+05
-7.39054e-11
 3.32840e+05
 0.00000e+00
 3.32840e+05
 0.00000e+00
 3.32840e+05
 0.00000e+00
 3.32840e+05
 0.00000e+00
 3.32840e+05
 0.00000e+00
 3.32840e+05
 0.00000e+00
 3.32840e+05
 0.00000e+00
 3.32840e+05
 3.25499e+05
 1.47256e+04
 1.47256e+04
 1.47256e+04
 1.47256e+04
 1.47256e+04
 1.47256e+04
 1.47256e+04
 1.47256e+04
 1.47256e+04
 1.47256e+04
 1.47256e+04
 1.47256e+04
 1.47256e+04
 1.47256e+04
 1.47256e+04
 1.47256e+04
 1.47256e+04
 1.47256e+04
 1.47256e+04
 1.47256e+04
 1.47256e+04
 1.47256e+04
 1.47256e+04
 1.47256e+04
 1.47256e+04
 1.47256e+04
 1.47256e+04
 1.47256e+04
 1.47256e+04
 1.47256e+04
 1.47256e+04
 1.47256e+04
 1.47256e+04
 1.47256e+04
 1.47256e+04
 1.47256e+04
 1.47256e+04
 1.47256e+04
 1.47256e+04
 1.47256e+04
 1.47256e+04
 1.47256e+04
 1.47256e+04
 1.47256e+04
 1.47256e+04
 1.47256e+04
 1.47256e+04
 1.47256e+04
 1.47256e+04
 1.47256e+04
 1.47256e+04
 1.47256e+04
 1.47256e+04
 1.47256e+04
 1.47688e+04
 1.47688e+04
 1.47688e+04
 1.47688e+04
 1.47688e+04
 1.47688e+04
 1.47688e+04
 1.47688e+04
 1.47688e+04
 1.47688e+04
 1.47688e+04
 1.47688e+04
 1.47688e+04
 1.47688e+04
 1.47688e+04
 1.47688e+04
 1.47688e+04
 1.47688e+04
 1.47688e+04
 1.47688e+04
 1.47688e+04
 1.47688e+04
 1.47688e+04
 1.47688e+04
 1.47688e+04
 1.47688e+04
 1.47688e+04
 1.47688e+04
 1.47688e+04
 1.47688e+04
 1.47688e+04
 1.47688e+04
 1.47688e+04
 1.47688e+04
 1.47688e+04
 1.47688e+04
 1.47688e+04
 1.47688e+04
 1.47688e+04
 1.47688e+04
 1.47688e+04
 1.47688e+04
 1.47688e+04
 1.47688e+04
 1.47688e+04
 1.47688e+04
 1.47688e+04
 1.47688e+04
 1.47688e+04
 1.47688e+04
 1.47688e+04
 1.47688e+04
 1.47688e+04
 1.47688e+04
 1.47256e+04
 1.47256e+04
 1.47256e+04
 1.47256e+04
 1.47256e+04
 1.47256e+04
 1.47256e+04
 1.47256e+04
 1.47256e+04
 1.47256e+04
 1.47256e+04
 1.47256e+04
 1.47256e+04
 1.47256e+04
 1.47256e+04
 1.47256e+04
 1.47256e+04
 1.47256e+04
 1.47256e+04
 1.47256e+04
 1.47256e+04
 1.47256e+04
 1.47256e+04
 1.47256e+04
 1.47256e+04
 1.47256e+04
 1.47256e+04
 1.47256e+04
 1.47256e+04
 1.47256e+04
 1.47256e+04
 1.47256e+04
 1.47256e+04
 1.47256e+04
 1.47256e+04
 1.47256e+04
 1.47256e+04
 1.47256e+04
 1.47256e+04
 1.47256e+04
 1.47256e+04
 1.47256e+04
 1.47256e+04
 1.47256e+04
 1.47256e+04
 1.47256e+04
 1.47256e+04
 1.47256e+04
 1.47256e+04
 1.47256e+04
 1.47256e+04
 1.47256e+04
 3.32840e+05
 3.32840e+05
 3.32840e+05
 3.32840e+05
 3.32840e+05
 3.32840e+05
 3.32840e+05
 3.32840e+05
 3.32840e+05
 3.32840e+05
 3.32840e+05
 3.32840e+05
 3.32840e+05
 3.32840e+05
 3.32840e+05
 3.32840e+05
 3.32840e+05
 3.32840e+05
 3.32840e+05
 3.32840e+05
 3.32840e+05
 3.32840e+05
 3.32840e+05
 3.32840e+05
 3.32840e+05
 3.32840e+05
 3.32840e+05
 3.32840e+05
 3.32840e+05
 3.32840e+05
 3.32840e+05
 3.32840e+05
 3.32840e+05
 3.32840e+05
 3.32840e+05
 3.32840e+05
 3.32840e+05
 3.32840e+05
 3.32840e+05
 3.32840e+05
 3.32840e+05
 3.32840e+05
 3.32840e+05
 3.32840e+05
 3.32840e+05
 3.32840e+05
 3.32840e+05
 3.32840e+05
 3.32840e+05
 3.32840e+05
 3.32840e+05
 3.32840e+05
 3.32840e+05
 3.32840e+05
 3.25499e+05
 0.00000e+00
 0.00000e+00
 0.00000e+00
 0.00000e+00
 0.00000e+00
 0.00000e+00
 0.00000e+00
 0.00000e+00
 0.00000e+00
 0.00000e+00
 0.00000e+00
 0.00000e+00
 0.00000e+00
 0.00000e+00
 0.00000e+00
 0.00000e+00
 0.00000e+00
 4.77831e-26
 0.00000e+00
 0.00000e+00
 0.00000e+00
 0.00000e+00
 0.00000e+00
 0.00000e+00
 0.00000e+00
 0.00000e+00
 0.00000e+00
 0.00000e+00
 0.00000e+00
 0.00000e+00
 0.00000e+00
 0.00000e+00
 8.20514e-27
 0.00000e+00
 0.00000e+00
 0.00000e+00
 0.00000e+00
 0.00000e+00
 0.00000e+00
 3.58373e-25
-5.97288e-25
 0.00000e+00
-2.86698e-25
 0.00000e+00
 0.00000e+00
 0.00000e+00
 0.00000e+00
 0.00000e+00
 0.00000e+00
 0.00000e+00
 0.00000e+00
 0.00000e+00
 3.25499e+05
