scalar
part
         1
coordinates
 6.80359e+05
 6.80377e+05
 6.80377e+05
 0.00000e+00
 6.80377e+05
 0.00000e+00
 6.80377e+05
 0.00000e+00
 6.80377e+05
 0.00000e+00
 6.80377e+05
 0.00000e+00
 6.80377e+05
 0.00000e+00
 1.51074e-10
 6.80377e+05
 0.00000e+00
 6.80377e+05
 0.00000e+00
 6.80377e+05
 0.00000e+00
 6.80377e+05
 0.00000e+00
 6.80377e+05
 0.00000e+00
 6.80377e+05
 0.00000e+00
 6.80377e+05
 0.00000e+00
 6.80377e+05
 0.00000e+00
 6.80377e+05
 0.00000e+00
 6.80377e+05
 0.00000e+00
 6.80377e+05
 0.00000e+00
 6.80377e+05
 0.00000e+00
 6.80377e+05
 0.00000e+00
 0.00000e+00
 6.80377e+05
 0.00000e+00
 6.80377e+05
 0.00000e+00
 6.80377e+05
 0.00000e+00
 6.80377e+05
 0.00000e+00
 6.80377e+05
 6.70903e-26
 2.68354e-25
 6.80377e+05
 6.80377e+05
 0.00000e+00
 6.80377e+05
 7.55370e-11
 6.80377e+05
 0.00000e+00
 6.80377e+05
 0.00000e+00
 6.80377e+05
-1.51074e-10
 6.80377e+05
 0.00000e+00
 6.80377e+05
 6.80377e+05
 0.00000e+00
 1.81137e-24
 6.80377e+05
 3.40188e+05
 1.51074e-10
 0.00000e+00
 6.80377e+05
 6.80377e+05
 2.26611e-10
 6.80377e+05
 0.00000e+00
 6.80377e+05
 0.00000e+00
 6.80377e+05
 0.00000e+00
 6.80377e+05
 0.00000e+00
 6.80377e+05
 0.00000e+00
 6.80377e+05
 0.00000e+00
 6.80377e+05
 0.00000e+00
 6.80377e+05
 0.00000e+00
 6.80377e+05
-1.51074e-10
 6.80377e+05
 0.00000e+00
 6.80377e+05
 0.00000e+00
 6.80377e+05
 2.26611e-10
 6.80377e+05
 0.00000e+00
 6.80377e+05
 0.00000e+00
 6.80377e+05
 2.26792e+05
 0.00000e+00
 6.80377e+05
 6.80377e+05
-1.51074e-10
 6.80377e+05
 0.00000e+00
 6.80377e+05
 0.00000e+00
 3.40188e+05
-1.51074e-10
 6.80377e+05
 0.00000e+00
 7.55370e-11
 6.80377e+05
 0.00000e+00
 6.80377e+05
 0.00000e+00
 6.80377e+05
 0.00000e+00
 6.80377e+05
 0.00000e+00
 6.80377e+05
 6.80377e+05
 3.40188e+05
 6.80377e+05
 0.00000e+00
-3.35452e-26
 6.80377e+05
 3.28731e-24
-3.18668e-24
 3.40188e+05
-1.51074e-10
 6.80377e+05
 6.80377e+05
 0.00000e+00
 6.80377e+05
 3.40188e+05
-1.51074e-10
 6.80377e+05
 0.00000e+00
 6.80377e+05
 0.00000e+00
 1.70094e+05
-1.51074e-10
 6.80377e+05
 6.80377e+05
 0.00000e+00
 6.80377e+05
 0.00000e+00
 6.80377e+05
 0.00000e+00
 2.91590e+05
 0.00000e+00
 2.91590e+05
 0.00000e+00
 6.80377e+05
 6.80377e+05
 0.00000e+00
 6.80377e+05
 3.11959e-24
 6.80377e+05
 6.80377e+05
 0.00000e+00
 0.00000e+00
 6.80377e+05
 0.00000e+00
 6.80377e+05
 0.00000e+00
 6.80377e+05
-7.55370e-10
 0.00000e+00
 6.80377e+05
 6.80377e+05
 6.80359e+05
 6.80377e+05
 6.80377e+05
 6.80377e+05
 0.00000e+00
 6.80377e+05
-1.51074e-10
 6.80377e+05
 0.00000e+00
 6.80377e+05
 0.00000e+00
 6.80377e+05
 6.80377e+05
 0.00000e+00
 6.80377e+05
 0.00000e+00
 6.80377e+05
 6.80377e+05
 0.00000e+00
 6.80377e+05
 6.80377e+05
 6.80377e+05
 6.80377e+05
 0.00000e+00
 6.80377e+05
-1.51074e-10
-1.51074e-10
 6.80377e+05
 0.00000e+00
 6.80377e+05
 0.00000e+00
 6.80377e+05
 6.80377e+05
 6.80377e+05
 6.80377e+05
 6.80377e+05
 6.80377e+05
 0.00000e+00
 6.80377e+05
-1.51074e-10
 6.80377e+05
 0.00000e+00
 6.80377e+05
 0.00000e+00
 6.80377e+05
-1.51074e-10
 6.80377e+05
 0.00000e+00
 3.61185e+01
 3.61185e+01
 3.61185e+01
 3.61185e+01
 3.61185e+01
 3.61185e+01
 3.61185e+01
 3.61185e+01
 3.61185e+01
 3.61185e+01
 3.61185e+01
 3.61185e+01
 3.61185e+01
 3.61185e+01
 3.61185e+01
 3.61185e+01
 3.61185e+01
 3.61185e+01
 3.61185e+01
 3.61185e+01
 3.61185e+01
 3.40206e+05
 3.61185e+01
 3.61185e+01
 3.61185e+01
 3.61185e+01
 3.61185e+01
 3.61185e+01
 3.61185e+01
 3.40206e+05
 3.61185e+01
 3.61185e+01
 3.61185e+01
 3.40206e+05
 3.61185e+01
 3.61185e+01
 3.61185e+01
 3.61185e+01
 3.61185e+01
 3.61185e+01
 3.61185e+01
 3.61185e+01
 3.61185e+01
 3.61185e+01
 3.61185e+01
 3.61185e+01
 3.61185e+01
 3.61185e+01
 3.61185e+01
 3.61185e+01
 3.61185e+01
 3.61185e+01
 3.61185e+01
 3.61185e+01
 3.61185e+01
 3.61185e+01
 2.26816e+05
 3.61185e+01
 3.61185e+01
 3.61185e+01
 3.61185e+01
 3.40206e+05
 3.61185e+01
 3.61185e+01
 3.40206e+05
 3.61185e+01
 3.61185e+01
 4.53597e+05
 3.61185e+01
 3.40206e+05
 3.40206e+05
 3.61185e+01
 3.61185e+01
 3.40206e+05
 3.61185e+01
 3.61185e+01
 3.40206e+05
 3.61185e+01
 3.61185e+01
 3.61185e+01
 1.70121e+05
 3.61185e+01
 3.61185e+01
 3.61185e+01
 3.61185e+01
 2.91611e+05
 3.61185e+01
 2.91611e+05
 3.61185e+01
 3.61185e+01
 3.61185e+01
 3.61185e+01
 3.61185e+01
 3.61185e+01
 3.61185e+01
 3.61185e+01
 3.61185e+01
 3.61185e+01
 3.61185e+01
 3.61185e+01
 3.61185e+01
 3.61185e+01
 3.61185e+01
 3.61185e+01
 3.61185e+01
 3.61185e+01
 3.61185e+01
 3.61185e+01
 3.61185e+01
 3.61185e+01
 3.61185e+01
 3.61185e+01
 3.61185e+01
 3.61185e+01
 3.61185e+01
 3.61185e+01
 3.61185e+01
 3.61185e+01
 3.61185e+01
 3.61192e+01
 3.61192e+01
 3.61192e+01
 3.61192e+01
 3.61192e+01
 3.61192e+01
 3.61192e+01
 3.61192e+01
 3.61192e+01
 3.61192e+01
 3.61192e+01
 3.61192e+01
 3.61192e+01
 3.61192e+01
 3.61192e+01
 3.61192e+01
 3.61192e+01
 3.61192e+01
 3.61192e+01
 3.61192e+01
 3.61192e+01
 3.61192e+01
 3.61192e+01
 3.61192e+01
 3.61189e+01
 3.61192e+01
 3.61192e+01
 3.61192e+01
 3.61192e+01
 3.61192e+01
 3.61192e+01
 3.61192e+01
 3.61192e+01
 3.61192e+01
 3.61192e+01
 3.61192e+01
 3.61192e+01
 3.61192e+01
 3.61192e+01
 3.61192e+01
 3.61192e+01
 3.61192e+01
 3.61192e+01
 3.61192e+01
 3.61192e+01
 3.61192e+01
 3.61192e+01
 3.61192e+01
 3.61192e+01
 3.61192e+01
 3.61192e+01
 3.61192e+01
 3.61192e+01
 3.61192e+01
 3.61192e+01
 3.61192e+01
 3.61192e+01
 3.61192e+01
 3.61192e+01
 3.61192e+01
 3.61192e+01
 3.61192e+01
 3.61192e+01
 3.61192e+01
 3.61192e+01
 3.61192e+01
 3.61192e+01
 3.61192e+01
 3.61189e+01
 3.61192e+01
 3.61192e+01
 3.61192e+01
 3.61192e+01
 3.61192e+01
 3.61192e+01
 3.61192e+01
 3.61192e+01
 3.61192e+01
 3.61192e+01
 3.61192e+01
 3.61192e+01
 3.61192e+01
 3.61192e+01
 3.61192e+01
 3.61192e+01
 3.61192e+01
 3.61192e+01
 3.61192e+01
 3.61192e+01
 3.61192e+01
 3.61192e+01
 3.61192e+01
 3.61192e+01
 3.61192e+01
 3.61192e+01
 3.61192e+01
 3.61192e+01
 3.61192e+01
 3.61192e+01
 3.61192e+01
 3.61192e+01
 3.61192e+01
 3.61192e+01
 3.61192e+01
 3.61192e+01
 3.61192e+01
 3.61192e+01
 3.61192e+01
 3.61197e+01
 3.61197e+01
 3.61197e+01
 3.61197e+01
 3.61197e+01
 3.61197e+01
 3.61197e+01
 3.61197e+01
 3.61197e+01
 3.61197e+01
 3.61197e+01
 3.61197e+01
 3.61197e+01
 3.61197e+01
 3.61197e+01
 3.61197e+01
 3.61197e+01
 3.61197e+01
 3.61197e+01
 3.61197e+01
 3.61194e+01
 3.61197e+01
 3.61197e+01
 3.61197e+01
 3.61197e+01
 3.61197e+01
 3.61197e+01
 3.61197e+01
 3.61197e+01
 3.61197e+01
 3.61194e+01
 3.61197e+01
 3.61197e+01
 3.61197e+01
 3.61197e+01
 3.61197e+01
 3.61197e+01
 3.61197e+01
 3.61197e+01
 3.61197e+01
 3.61197e+01
 3.61197e+01
 3.61197e+01
 3.61197e+01
 3.61197e+01
 3.61197e+01
 3.61197e+01
 3.61197e+01
 3.61197e+01
 3.61197e+01
 3.61197e+01
 3.61197e+01
 3.61197e+01
 3.61197e+01
 3.61197e+01
 3.61194e+01
 3.61197e+01
 3.61197e+01
 3.61197e+01
 3.61197e+01
 3.61194e+01
 3.61197e+01
 3.61197e+01
 3.61197e+01
 3.61197e+01
 3.61197e+01
 3.61197e+01
 3.61193e+01
 3.61197e+01
 3.61197e+01
 3.61197e+01
 3.61197e+01
 3.61197e+01
 3.61197e+01
 3.61197e+01
 3.61197e+01
 3.61197e+01
 3.61197e+01
 3.61197e+01
 3.61197e+01
 3.61197e+01
 3.61197e+01
 3.61197e+01
 3.61197e+01
 3.61197e+01
 3.61197e+01
 3.61197e+01
 3.61197e+01
 3.61197e+01
 3.61197e+01
 3.61197e+01
 3.61197e+01
 3.61197e+01
 3.61197e+01
 3.61197e+01
 3.61197e+01
 3.61197e+01
 3.61197e+01
 3.61197e+01
 3.61197e+01
 3.61197e+01
 3.61197e+01
 3.61197e+01
 3.61197e+01
 3.61197e+01
 3.61197e+01
 3.61197e+01
 3.61197e+01
 3.61197e+01
 3.61199e+01
 3.61199e+01
 3.61199e+01
 3.61199e+01
 3.61199e+01
 3.61199e+01
 3.61199e+01
 3.61199e+01
 3.61199e+01
 3.61199e+01
 3.61199e+01
 3.61199e+01
 3.61199e+01
 3.61199e+01
 3.61199e+01
 3.61199e+01
 3.61199e+01
 3.61199e+01
 3.61198e+01
 3.61199e+01
 3.61199e+01
 3.61199e+01
 3.61199e+01
 3.61199e+01
 3.61199e+01
 3.61199e+01
 3.61199e+01
 3.61199e+01
 3.61199e+01
 3.61199e+01
 3.61198e+01
 3.61199e+01
 3.61199e+01
 3.61199e+01
 3.61199e+01
 3.61199e+01
 3.61199e+01
 3.61199e+01
 3.61199e+01
 3.61199e+01
 3.61199e+01
 3.61199e+01
 3.61199e+01
 3.61199e+01
 3.61199e+01
 3.61199e+01
 3.61199e+01
 3.61199e+01
 3.61199e+01
 3.61199e+01
 3.61199e+01
 3.61199e+01
 3.61199e+01
 3.61199e+01
 3.61199e+01
 3.61199e+01
 3.61199e+01
 3.61199e+01
 3.61199e+01
 3.61199e+01
 3.61199e+01
 3.61199e+01
 3.61199e+01
 3.61198e+01
 3.61199e+01
 3.61199e+01
 3.61199e+01
 3.61198e+01
 3.61199e+01
 3.61198e+01
 3.61199e+01
 3.61199e+01
 3.61199e+01
 3.61198e+01
 3.61199e+01
 3.61199e+01
 3.61199e+01
 3.61199e+01
 3.61199e+01
 3.61199e+01
 3.61199e+01
 3.61199e+01
 3.61199e+01
 3.61199e+01
 3.61199e+01
 3.61199e+01
 3.61199e+01
 3.61199e+01
 3.61199e+01
 3.61199e+01
 3.61199e+01
 3.61199e+01
 3.61199e+01
 3.61199e+01
 3.61199e+01
 3.61199e+01
 3.61199e+01
 3.61199e+01
 3.61199e+01
 3.61199e+01
 3.61199e+01
 3.61199e+01
 3.61199e+01
 3.61199e+01
 3.61199e+01
 3.61199e+01
 3.61199e+01
 3.61199e+01
 3.61199e+01
 3.61199e+01
 3.61199e+01
 3.61199e+01
 3.61199e+01
 3.61199e+01
 3.61199e+01
 3.61199e+01
 3.61199e+01
 3.61199e+01
 3.61199e+01
 3.61199e+01
 3.61200e+01
 3.61200e+01
 3.61200e+01
 3.61200e+01
 3.61200e+01
 3.61200e+01
 3.61200e+01
 3.61200e+01
 3.61200e+01
 3.61200e+01
 3.61200e+01
 3.61200e+01
 3.61200e+01
 3.61200e+01
 3.61200e+01
 3.61200e+01
 3.61200e+01
 3.61200e+01
 3.61200e+01
 3.61200e+01
 3.61200e+01
 3.61200e+01
 3.61200e+01
 3.61200e+01
 3.61200e+01
 3.61200e+01
 3.61200e+01
 3.61200e+01
 3.61200e+01
 3.61200e+01
 3.61200e+01
 3.61200e+01
 3.61200e+01
 3.61200e+01
 3.61200e+01
 3.61200e+01
 3.61200e+01
 3.61200e+01
 3.61200e+01
 3.61200e+01
 3.61200e+01
 3.61200e+01
 3.61200e+01
 3.61200e+01
 3.61200e+01
 3.61200e+01
 3.61200e+01
 3.61200e+01
 3.61200e+01
 3.61200e+01
 3.61200e+01
 3.61200e+01
 3.61200e+01
 3.61200e+01
 3.61200e+01
 3.61200e+01
 3.61200e+01
 3.61200e+01
 3.61200e+01
 3.61200e+01
 3.61200e+01
 3.61200e+01
 3.61200e+01
 3.61200e+01
 3.61200e+01
 3.61200e+01
 3.61200e+01
 3.61200e+01
 3.61200e+01
 3.61200e+01
 3.61200e+01
 3.61200e+01
 3.61200e+01
 3.61200e+01
 3.61200e+01
 3.61200e+01
 3.61200e+01
 3.61200e+01
 3.61200e+01
 3.61200e+01
 3.61200e+01
 3.61200e+01
 3.61200e+01
 3.61200e+01
 3.61200e+01
 3.61200e+01
 3.61200e+01
 3.61200e+01
 3.61200e+01
 3.61200e+01
 3.61200e+01
 3.61200e+01
 3.61200e+01
 3.61200e+01
 3.61200e+01
 3.61200e+01
 3.61200e+01
 3.61200e+01
 3.61200e+01
 3.61200e+01
 3.61200e+01
 3.61200e+01
 3.61200e+01
 3.61200e+01
 3.61200e+01
 3.61200e+01
 3.61200e+01
 3.61200e+01
 3.61200e+01
 3.61200e+01
 3.61200e+01
 3.61200e+01
 3.61200e+01
 3.61199e+01
 3.61199e+01
 3.61199e+01
 3.61199e+01
 3.61199e+01
 3.61199e+01
 3.61199e+01
 3.61199e+01
 3.61199e+01
 3.61199e+01
 3.61199e+01
 3.61199e+01
 3.61199e+01
 3.61199e+01
 3.61199e+01
 3.61199e+01
 3.61199e+01
 3.61199e+01
 3.61199e+01
 3.61199e+01
 3.61199e+01
 3.61199e+01
 3.61199e+01
 3.61199e+01
 3.61199e+01
 3.61199e+01
 3.61199e+01
 3.61199e+01
 3.61199e+01
 3.61199e+01
 3.61199e+01
 3.61199e+01
 3.61199e+01
 3.61199e+01
 3.61199e+01
 3.61199e+01
 3.61199e+01
 3.61199e+01
 3.61199e+01
 3.61199e+01
 3.61199e+01
 3.61199e+01
 3.61199e+01
 3.61199e+01
 3.61199e+01
 3.61199e+01
 3.61199e+01
 3.61199e+01
 3.61199e+01
 3.61199e+01
 3.61199e+01
 3.61199e+01
 3.61199e+01
 3.61199e+01
 3.61199e+01
 3.61199e+01
 3.61199e+01
 3.61199e+01
 3.61199e+01
 3.61199e+01
 3.61199e+01
 3.61199e+01
 3.61199e+01
 3.61199e+01
 3.61199e+01
 3.61199e+01
 3.61199e+01
 3.61199e+01
 3.61199e+01
 3.61199e+01
 3.61199e+01
 3.61199e+01
 3.61199e+01
 3.61199e+01
 3.61199e+01
 3.61199e+01
 3.61199e+01
 3.61199e+01
 3.61199e+01
 3.61200e+01
 3.61199e+01
 3.61199e+01
 3.61199e+01
 3.61199e+01
 3.61199e+01
 3.61199e+01
 3.61199e+01
 3.61199e+01
 3.61199e+01
 3.61199e+01
 3.61199e+01
 3.61199e+01
 3.61199e+01
 3.61199e+01
 3.61199e+01
 3.61199e+01
 3.61199e+01
 3.61199e+01
 3.61199e+01
 3.61199e+01
 3.61199e+01
 3.61199e+01
 3.61199e+01
 3.61199e+01
 3.61199e+01
 3.61199e+01
 3.61199e+01
 3.61199e+01
 3.61197e+01
 3.61197e+01
 3.61197e+01
 3.61197e+01
 3.61197e+01
 3.61197e+01
 3.61197e+01
 3.61197e+01
 3.61197e+01
 3.61197e+01
 3.61197e+01
 3.61197e+01
 3.61197e+01
 3.61197e+01
 3.61197e+01
 3.61197e+01
 3.61197e+01
 3.61197e+01
 3.61197e+01
 3.61197e+01
 3.61197e+01
 3.61197e+01
 3.61198e+01
 3.61197e+01
 3.61197e+01
 3.61197e+01
 3.61197e+01
 3.61197e+01
 3.61197e+01
 3.61197e+01
 3.61197e+01
 3.61197e+01
 3.61197e+01
 3.61197e+01
 3.61197e+01
 3.61197e+01
 3.61197e+01
 3.61197e+01
 3.61197e+01
 3.61197e+01
 3.61197e+01
 3.61197e+01
 3.61197e+01
 3.61197e+01
 3.61197e+01
 3.61197e+01
 3.61197e+01
 3.61197e+01
 3.61197e+01
 3.61197e+01
 3.61197e+01
 3.61197e+01
 3.61197e+01
 3.61197e+01
 3.61197e+01
 3.61197e+01
 3.61197e+01
 3.61197e+01
 3.61197e+01
 3.61197e+01
 3.61197e+01
 3.61197e+01
 3.61197e+01
 3.61197e+01
 3.61197e+01
 3.61197e+01
 3.61197e+01
 3.61197e+01
 3.61197e+01
 3.61197e+01
 3.61197e+01
 3.61197e+01
 3.61197e+01
 3.61197e+01
 3.61197e+01
 3.61197e+01
 3.61197e+01
 3.61197e+01
 3.61197e+01
 3.61197e+01
 3.61197e+01
 3.61197e+01
 3.61197e+01
 3.61197e+01
 3.61197e+01
 3.61197e+01
 3.61197e+01
 3.61197e+01
 3.61197e+01
 3.61197e+01
 3.61197e+01
 3.61197e+01
 3.61197e+01
 3.61197e+01
 3.61197e+01
 3.61197e+01
 3.61197e+01
 3.61197e+01
 3.61197e+01
 3.61197e+01
 3.61197e+01
 3.61197e+01
 3.61197e+01
 3.61197e+01
 3.61197e+01
 3.61192e+01
 3.61192e+01
 3.61192e+01
 3.61192e+01
 3.61192e+01
 3.61192e+01
 3.61192e+01
 3.61192e+01
 3.61192e+01
 3.61192e+01
 3.61192e+01
 3.61192e+01
 3.61192e+01
 3.61192e+01
 3.61192e+01
 3.61192e+01
 3.61192e+01
 3.61192e+01
 3.61192e+01
 3.61192e+01
 3.61192e+01
 3.61192e+01
 3.61192e+01
 3.61192e+01
 3.61194e+01
 3.61192e+01
 3.61192e+01
 3.61192e+01
 3.61192e+01
 3.61192e+01
 3.61192e+01
 3.61192e+01
 3.61192e+01
 3.61192e+01
 3.61192e+01
 3.61192e+01
 3.61192e+01
 3.61192e+01
 3.61192e+01
 3.61192e+01
 3.61192e+01
 3.61192e+01
 3.61192e+01
 3.61192e+01
 3.61192e+01
 3.61192e+01
 3.61192e+01
 3.61192e+01
 3.61192e+01
 3.61192e+01
 3.61192e+01
 3.61192e+01
 3.61192e+01
 3.61192e+01
 3.61192e+01
 3.61192e+01
 3.61192e+01
 3.61192e+01
 3.61192e+01
 3.61192e+01
 3.61192e+01
 3.61192e+01
 3.61192e+01
 3.61192e+01
 3.61192e+01
 3.61192e+01
 3.61192e+01
 3.61192e+01
 3.61192e+01
 3.61192e+01
 3.61192e+01
 3.61192e+01
 3.61192e+01
 3.61192e+01
 3.61192e+01
 3.61192e+01
 3.61192e+01
 3.61192e+01
 3.61192e+01
 3.61192e+01
 3.61192e+01
 3.61194e+01
 3.61192e+01
 3.61192e+01
 3.61192e+01
 3.61192e+01
 3.61192e+01
 3.61192e+01
 3.61192e+01
 3.61192e+01
 3.61192e+01
 3.61192e+01
 3.61192e+01
 3.61192e+01
 3.61192e+01
 3.61192e+01
 3.61192e+01
 3.61192e+01
 3.61192e+01
 3.61192e+01
 3.61192e+01
 3.61192e+01
 3.61192e+01
 3.61192e+01
 3.61192e+01
 3.61192e+01
 3.61192e+01
 3.61192e+01
 3.61185e+01
 3.61185e+01
 3.61185e+01
 3.61185e+01
 3.61185e+01
 3.61185e+01
 3.61185e+01
 3.61185e+01
 3.61185e+01
 3.61185e+01
 3.61185e+01
 3.61185e+01
 3.61185e+01
 3.61185e+01
 3.61185e+01
 3.61185e+01
 3.61185e+01
 3.61185e+01
 3.61185e+01
 3.61185e+01
 3.61185e+01
 3.61185e+01
 3.61185e+01
 3.61185e+01
 3.61185e+01
 3.61185e+01
 3.61185e+01
 3.61185e+01
 3.61185e+01
 3.61185e+01
 3.61185e+01
 3.61185e+01
 3.61185e+01
 3.61185e+01
 3.61185e+01
 3.61185e+01
 3.61185e+01
 3.61185e+01
 3.61185e+01
 3.61185e+01
 3.61185e+01
 3.61185e+01
 3.61185e+01
 3.61185e+01
 3.61185e+01
 3.61185e+01
 3.61185e+01
 3.61185e+01
 3.61185e+01
 3.61185e+01
 3.61185e+01
 3.61185e+01
 3.61185e+01
 3.61185e+01
 3.61185e+01
 3.61185e+01
 3.61185e+01
 3.61185e+01
 3.61185e+01
 3.61185e+01
 3.61185e+01
 3.61185e+01
 3.61185e+01
 3.61185e+01
 3.61185e+01
 3.61185e+01
 3.61185e+01
 3.61185e+01
 3.61185e+01
 3.61185e+01
 3.61185e+01
 3.61185e+01
 3.61185e+01
 3.61185e+01
 3.61185e+01
 3.61190e+01
 3.61185e+01
 3.61185e+01
 3.61185e+01
 3.61185e+01
 3.61185e+01
 3.61185e+01
 3.61185e+01
 3.61185e+01
 3.61185e+01
 3.61185e+01
 3.61185e+01
 3.61185e+01
 3.61185e+01
 3.61185e+01
 3.61185e+01
 3.61185e+01
 3.61185e+01
 3.61185e+01
 3.61185e+01
 3.61185e+01
 3.61185e+01
 3.61185e+01
 3.61185e+01
 3.61185e+01
 3.61185e+01
 3.61185e+01
 3.61185e+01
 3.61185e+01
 3.61185e+01
 3.61185e+01
 3.61185e+01
 3.61185e+01
 3.61185e+01
 6.80377e+05
 6.80377e+05
 6.80377e+05
 6.80377e+05
 6.80377e+05
 6.80377e+05
 6.80377e+05
 6.80377e+05
 6.80377e+05
 6.80377e+05
 6.80377e+05
 6.80377e+05
 6.80377e+05
 6.80377e+05
 6.80377e+05
 6.80377e+05
 6.80377e+05
 6.80377e+05
 6.80377e+05
 6.80377e+05
 6.80377e+05
 6.80377e+05
 6.80377e+05
 6.80377e+05
 6.80377e+05
 6.80377e+05
 6.80377e+05
 6.80377e+05
 6.80377e+05
 6.80377e+05
 6.80377e+05
 6.80377e+05
 6.80377e+05
 6.80377e+05
 6.80377e+05
 6.80377e+05
 6.80377e+05
 6.80377e+05
 3.40206e+05
 6.80377e+05
 6.80377e+05
 6.80377e+05
 6.80377e+05
 6.80377e+05
 6.80377e+05
 6.80377e+05
 6.80377e+05
 6.80377e+05
 6.80377e+05
 6.80377e+05
 6.80377e+05
 6.80377e+05
 6.80377e+05
 6.80377e+05
 6.80377e+05
 6.80377e+05
 6.80377e+05
 6.80377e+05
 6.80377e+05
 6.80377e+05
 6.80377e+05
 6.80377e+05
 6.80377e+05
 6.80377e+05
 6.80377e+05
 3.40206e+05
 6.80377e+05
 6.80377e+05
 6.80377e+05
 6.80377e+05
 6.80377e+05
 6.80377e+05
 6.80377e+05
 5.10292e+05
 6.80377e+05
 6.80377e+05
 6.80377e+05
 6.80377e+05
 6.80377e+05
 6.80377e+05
 6.80377e+05
 6.80377e+05
 6.80377e+05
 6.80377e+05
 6.80377e+05
 6.80377e+05
 6.80377e+05
 6.80377e+05
 6.80377e+05
 6.80377e+05
 6.80377e+05
 6.80377e+05
 6.80377e+05
 6.80377e+05
 6.80377e+05
 6.80377e+05
 6.80377e+05
 6.80377e+05
 6.80377e+05
 6.80377e+05
 6.80377e+05
 6.80377e+05
 6.80377e+05
 6.80377e+05
 6.80377e+05
 6.80377e+05
 6.80377e+05
 6.80359e+05
 0.00000e+00
 0.00000e+00
 0.00000e+00
 0.00000e+00
 0.00000e+00
 0.00000e+00
 0.00000e+00
 0.00000e+00
 0.00000e+00
 0.00000e+00
 0.00000e+00
 0.00000e+00
 0.00000e+00
 0.00000e+00
 0.00000e+00
 0.00000e+00
 0.00000e+00
 0.00000e+00
 0.00000e+00
 0.00000e+00
 0.00000e+00
 0.00000e+00
 0.00000e+00
 0.00000e+00
 0.00000e+00
 6.70903e-26
 3.35445e-25
 0.00000e+00
 0.00000e+00
 0.00000e+00
 0.00000e+00
 0.00000e+00
 0.00000e+00
 0.00000e+00
 0.00000e+00
 1.61011e-24
 0.00000e+00
 0.00000e+00
 3.40188e+05
-2.68354e-25
 0.00000e+00
 0.00000e+00
 0.00000e+00
 0.00000e+00
 0.00000e+00
 0.00000e+00
 0.00000e+00
 0.00000e+00
 0.00000e+00
 0.00000e+00
 0.00000e+00
 0.00000e+00
 0.00000e+00
 0.00000e+00
 0.00000e+00
 0.00000e+00
 0.00000e+00
 0.00000e+00
 0.00000e+00
 0.00000e+00
 0.00000e+00
 0.00000e+00
 0.00000e+00
 0.00000e+00
 0.00000e+00
 0.00000e+00
 1.00632e-25
 0.00000e+00
 3.40188e+05
 3.18668e-24
-3.15313e-24
 0.00000e+00
 0.00000e+00
 0.00000e+00
 0.00000e+00
 0.00000e+00
 0.00000e+00
 0.00000e+00
 0.00000e+00
 0.00000e+00
 0.00000e+00
 0.00000e+00
 0.00000e+00
 3.25377e-24
 0.00000e+00
 0.00000e+00
 0.00000e+00
 0.00000e+00
 1.47594e-24
 0.00000e+00
 6.80359e+05
 0.00000e+00
 0.00000e+00
 0.00000e+00
 0.00000e+00
 0.00000e+00
 0.00000e+00
 0.00000e+00
 0.00000e+00
 0.00000e+00
 0.00000e+00
 0.00000e+00
 0.00000e+00
 0.00000e+00
 0.00000e+00
 0.00000e+00
 0.00000e+00
