scalar
part
         1
coordinates
 3.23624e+05
 3.31894e+05
 3.31894e+05
 0.00000e+00
 3.31894e+05
 0.00000e+00
 3.31894e+05
 0.00000e+00
 3.31894e+05
 0.00000e+00
 3.31894e+05
 0.00000e+00
 3.31894e+05
 0.00000e+00
 3.31894e+05
 0.00000e+00
 3.68476e-11
 3.31894e+05
 0.00000e+00
 3.31894e+05
 0.00000e+00
 3.31894e+05
 0.00000e+00
 3.31894e+05
 0.00000e+00
 3.31894e+05
 3.31894e+05
 0.00000e+00
 3.31894e+05
 3.68476e-11
 3.31894e+05
-7.36952e-11
 3.31894e+05
-7.36952e-11
 3.31894e+05
-7.36952e-11
 0.00000e+00
 3.31894e+05
 3.68476e-11
 3.31894e+05
 0.00000e+00
 3.31894e+05
 0.00000e+00
 3.31894e+05
 0.00000e+00
 3.31894e+05
 0.00000e+00
 3.31894e+05
 0.00000e+00
 3.31894e+05
 0.00000e+00
 3.31894e+05
 0.00000e+00
 3.31894e+05
 0.00000e+00
 3.31894e+05
-7.36952e-11
 3.31894e+05
-7.36952e-11
 3.31894e+05
 0.00000e+00
 3.31894e+05
-7.36952e-11
 3.31894e+05
 3.31894e+05
 0.00000e+00
 0.00000e+00
 3.31894e+05
 0.00000e+00
 3.31894e+05
 0.00000e+00
 3.31894e+05
 0.00000e+00
 3.31894e+05
 0.00000e+00
 3.31894e+05
 0.00000e+00
 3.31894e+05
 3.55950e-25
 3.31894e+05
 3.31894e+05
 0.00000e+00
-5.93249e-25
 3.31894e+05
-1.84238e-10
 3.31894e+05
 3.31894e+05
 0.00000e+00
 3.31894e+05
 3.31894e+05
 0.00000e+00
 3.31894e+05
-7.36952e-11
 3.31894e+05
 0.00000e+00
 3.31894e+05
 0.00000e+00
 3.31894e+05
 0.00000e+00
 3.31894e+05
 0.00000e+00
 3.31894e+05
 0.00000e+00
 3.31894e+05
 0.00000e+00
 3.31894e+05
 0.00000e+00
 3.31894e+05
 3.23624e+05
 1.66006e+04
 1.66006e+04
 1.66006e+04
 1.66006e+04
 1.66006e+04
 1.66006e+04
 1.66006e+04
 1.66006e+04
 1.66006e+04
 1.66006e+04
 1.66006e+04
 1.66006e+04
 1.66006e+04
 1.66006e+04
 1.66006e+04
 1.66006e+04
 1.66006e+04
 1.66006e+04
 1.66006e+04
 1.66006e+04
 1.66006e+04
 1.66006e+04
 1.66006e+04
 1.66006e+04
 1.66006e+04
 1.66006e+04
 1.66006e+04
 1.66006e+04
 1.66006e+04
 1.66006e+04
 1.66006e+04
 1.66006e+04
 1.66006e+04
 1.66006e+04
 1.66006e+04
 1.66006e+04
 1.66006e+04
 1.66006e+04
 1.66006e+04
 1.66006e+04
 1.66006e+04
 1.66006e+04
 1.66006e+04
 1.66006e+04
 1.66006e+04
 1.66006e+04
 1.66006e+04
 1.66006e+04
 1.66006e+04
 1.66006e+04
 1.66006e+04
 1.66006e+04
 1.66006e+04
 1.66006e+04
 1.66620e+04
 1.66620e+04
 1.66620e+04
 1.66620e+04
 1.66620e+04
 1.66620e+04
 1.66620e+04
 1.66620e+04
 1.66620e+04
 1.66620e+04
 1.66620e+04
 1.66620e+04
 1.66620e+04
 1.66620e+04
 1.66620e+04
 1.66620e+04
 1.66620e+04
 1.66620e+04
 1.66620e+04
 1.66620e+04
 1.66620e+04
 1.66620e+04
 1.66620e+04
 1.66620e+04
 1.66620e+04
 1.66620e+04
 1.66620e+04
 1.66620e+04
 1.66620e+04
 1.66620e+04
 1.66620e+04
 1.66620e+04
 1.66620e+04
 1.66620e+04
 1.66620e+04
 1.66620e+04
 1.66620e+04
 1.66620e+04
 1.66620e+04
 1.66620e+04
 1.66620e+04
 1.66620e+04
 1.66620e+04
 1.66620e+04
 1.66620e+04
 1.66620e+04
 1.66620e+04
 1.66620e+04
 1.66620e+04
 1.66620e+04
 1.66620e+04
 1.66620e+04
 1.66620e+04
 1.66620e+04
 1.66006e+04
 1.66006e+04
 1.66006e+04
 1.66006e+04
 1.66006e+04
 1.66006e+04
 1.66006e+04
 1.66006e+04
 1.66006e+04
 1.66006e+04
 1.66006e+04
 1.66006e+04
 1.66006e+04
 1.66006e+04
 1.66006e+04
 1.66006e+04
 1.66006e+04
 1.66006e+04
 1.66006e+04
 1.66006e+04
 1.66006e+04
 1.66006e+04
 1.66006e+04
 1.66006e+04
 1.66006e+04
 1.66006e+04
 1.66006e+04
 1.66006e+04
 1.66006e+04
 1.66006e+04
 1.66006e+04
 1.66006e+04
 1.66006e+04
 1.66006e+04
 1.66006e+04
 1.66006e+04
 1.66006e+04
 1.66006e+04
 1.66006e+04
 1.66006e+04
 1.66006e+04
 1.66006e+04
 1.66006e+04
 1.66006e+04
 1.66006e+04
 1.66006e+04
 1.66006e+04
 1.66006e+04
 1.66006e+04
 1.66006e+04
 1.66006e+04
 1.66006e+04
 3.31894e+05
 3.31894e+05
 3.31894e+05
 3.31894e+05
 3.31894e+05
 3.31894e+05
 3.31894e+05
 3.31894e+05
 3.31894e+05
 3.31894e+05
 3.31894e+05
 3.31894e+05
 3.31894e+05
 3.31894e+05
 3.31894e+05
 3.31894e+05
 3.31894e+05
 3.31894e+05
 3.31894e+05
 3.31894e+05
 3.31894e+05
 3.31894e+05
 3.31894e+05
 3.31894e+05
 3.31894e+05
 3.31894e+05
 3.31894e+05
 3.31894e+05
 3.31894e+05
 3.31894e+05
 3.31894e+05
 3.31894e+05
 3.31894e+05
 3.31894e+05
 3.31894e+05
 3.31894e+05
 3.31894e+05
 3.31894e+05
 3.31894e+05
 3.31894e+05
 3.31894e+05
 3.31894e+05
 3.31894e+05
 3.31894e+05
 3.31894e+05
 3.31894e+05
 3.31894e+05
 3.31894e+05
 3.31894e+05
 3.31894e+05
 3.31894e+05
 3.31894e+05
 3.31894e+05
 3.31894e+05
 3.23624e+05
 0.00000e+00
 0.00000e+00
 0.00000e+00
 0.00000e+00
 0.00000e+00
 0.00000e+00
 0.00000e+00
 0.00000e+00
 0.00000e+00
 0.00000e+00
 0.00000e+00
 0.00000e+00
 0.00000e+00
 0.00000e+00
 0.00000e+00
 0.00000e+00
 0.00000e+00
 4.74599e-26
 0.00000e+00
 0.00000e+00
 0.00000e+00
 0.00000e+00
 0.00000e+00
 0.00000e+00
 0.00000e+00
 0.00000e+00
 0.00000e+00
 0.00000e+00
 0.00000e+00
 0.00000e+00
 0.00000e+00
 0.00000e+00
 8.18181e-27
 0.00000e+00
 0.00000e+00
 0.00000e+00
 0.00000e+00
 0.00000e+00
 0.00000e+00
 3.55950e-25
-5.93249e-25
 0.00000e+00
-2.84760e-25
 0.00000e+00
 0.00000e+00
 0.00000e+00
 0.00000e+00
 0.00000e+00
 0.00000e+00
 0.00000e+00
 0.00000e+00
 0.00000e+00
 3.23624e+05
