scalar
part
         1
coordinates
 1.92827e+05
 2.64638e+05
 2.64638e+05
 0.00000e+00
 2.64638e+05
 0.00000e+00
 2.64638e+05
 0.00000e+00
 2.64638e+05
 0.00000e+00
 2.64638e+05
 0.00000e+00
 2.64638e+05
 0.00000e+00
 2.64638e+05
 0.00000e+00
 2.93807e-11
 2.64638e+05
 0.00000e+00
 2.64638e+05
 0.00000e+00
 2.64638e+05
 0.00000e+00
 2.64638e+05
 0.00000e+00
 2.64638e+05
 2.64638e+05
 0.00000e+00
 2.64638e+05
 2.93807e-11
 2.64638e+05
-5.87614e-11
 2.64638e+05
-5.87614e-11
 2.64638e+05
-5.87614e-11
 0.00000e+00
 2.64638e+05
 2.93807e-11
 2.64638e+05
 0.00000e+00
 2.64638e+05
 0.00000e+00
 2.64638e+05
 0.00000e+00
 2.64638e+05
 0.00000e+00
 2.64638e+05
 0.00000e+00
 2.64638e+05
 0.00000e+00
 2.64638e+05
 0.00000e+00
 2.64638e+05
 0.00000e+00
 2.64638e+05
-5.87614e-11
 2.64638e+05
-5.87614e-11
 2.64638e+05
 0.00000e+00
 2.64638e+05
-5.87614e-11
 2.64638e+05
 2.64638e+05
 0.00000e+00
 0.00000e+00
 2.64638e+05
 0.00000e+00
 2.64638e+05
 0.00000e+00
 2.64638e+05
 0.00000e+00
 2.64638e+05
 0.00000e+00
 2.64638e+05
 0.00000e+00
 2.64638e+05
 1.87356e-25
 2.64638e+05
 2.64638e+05
 0.00000e+00
-3.12260e-25
 2.64638e+05
-1.46904e-10
 2.64638e+05
 2.64638e+05
 0.00000e+00
 2.64638e+05
 2.64638e+05
 0.00000e+00
 2.64638e+05
-5.87614e-11
 2.64638e+05
 0.00000e+00
 2.64638e+05
 0.00000e+00
 2.64638e+05
 0.00000e+00
 2.64638e+05
 0.00000e+00
 2.64638e+05
 0.00000e+00
 2.64638e+05
 0.00000e+00
 2.64638e+05
 0.00000e+00
 2.64638e+05
 1.92827e+05
 1.47397e+05
 1.47397e+05
 1.47397e+05
 1.47397e+05
 1.47397e+05
 1.47397e+05
 1.47397e+05
 1.47397e+05
 1.47397e+05
 1.47397e+05
 1.47397e+05
 1.47397e+05
 1.47397e+05
 1.47397e+05
 1.47397e+05
 1.47397e+05
 1.47397e+05
 1.47397e+05
 1.47397e+05
 1.47397e+05
 1.47397e+05
 1.47397e+05
 1.47397e+05
 1.47397e+05
 1.47397e+05
 1.47397e+05
 1.47397e+05
 1.47397e+05
 1.47397e+05
 1.47397e+05
 1.47397e+05
 1.47397e+05
 1.47397e+05
 1.47397e+05
 1.47397e+05
 1.47397e+05
 1.47397e+05
 1.47397e+05
 1.47397e+05
 1.47397e+05
 1.47397e+05
 1.47397e+05
 1.47397e+05
 1.47397e+05
 1.47397e+05
 1.47397e+05
 1.47397e+05
 1.47397e+05
 1.47397e+05
 1.47397e+05
 1.47397e+05
 1.47397e+05
 1.47397e+05
 1.47397e+05
 1.51173e+05
 1.51173e+05
 1.51173e+05
 1.51173e+05
 1.51173e+05
 1.51173e+05
 1.51173e+05
 1.51173e+05
 1.51173e+05
 1.51173e+05
 1.51173e+05
 1.51173e+05
 1.51173e+05
 1.51173e+05
 1.51173e+05
 1.51173e+05
 1.51173e+05
 1.51173e+05
 1.51173e+05
 1.51173e+05
 1.51173e+05
 1.51173e+05
 1.51173e+05
 1.51173e+05
 1.51173e+05
 1.51173e+05
 1.51173e+05
 1.51173e+05
 1.51173e+05
 1.51173e+05
 1.51173e+05
 1.51173e+05
 1.51173e+05
 1.51173e+05
 1.51173e+05
 1.51173e+05
 1.51173e+05
 1.51173e+05
 1.51173e+05
 1.51173e+05
 1.51173e+05
 1.51173e+05
 1.51173e+05
 1.51173e+05
 1.51173e+05
 1.51173e+05
 1.51173e+05
 1.51173e+05
 1.51173e+05
 1.51173e+05
 1.51173e+05
 1.51173e+05
 1.51173e+05
 1.51173e+05
 1.47397e+05
 1.47397e+05
 1.47397e+05
 1.47397e+05
 1.47397e+05
 1.47397e+05
 1.47397e+05
 1.47397e+05
 1.47397e+05
 1.47397e+05
 1.47397e+05
 1.47397e+05
 1.47397e+05
 1.47397e+05
 1.47397e+05
 1.47397e+05
 1.47397e+05
 1.47397e+05
 1.47397e+05
 1.47397e+05
 1.47397e+05
 1.47397e+05
 1.47397e+05
 1.47397e+05
 1.47397e+05
 1.47397e+05
 1.47397e+05
 1.47397e+05
 1.47397e+05
 1.47397e+05
 1.47397e+05
 1.47397e+05
 1.47397e+05
 1.47397e+05
 1.47397e+05
 1.47397e+05
 1.47397e+05
 1.47397e+05
 1.47397e+05
 1.47397e+05
 1.47397e+05
 1.47397e+05
 1.47397e+05
 1.47397e+05
 1.47397e+05
 1.47397e+05
 1.47397e+05
 1.47397e+05
 1.47397e+05
 1.47397e+05
 1.47397e+05
 1.47397e+05
 2.64638e+05
 2.64638e+05
 2.64638e+05
 2.64638e+05
 2.64638e+05
 2.64638e+05
 2.64638e+05
 2.64638e+05
 2.64638e+05
 2.64638e+05
 2.64638e+05
 2.64638e+05
 2.64638e+05
 2.64638e+05
 2.64638e+05
 2.64638e+05
 2.64638e+05
 2.64638e+05
 2.64638e+05
 2.64638e+05
 2.64638e+05
 2.64638e+05
 2.64638e+05
 2.64638e+05
 2.64638e+05
 2.64638e+05
 2.64638e+05
 2.64638e+05
 2.64638e+05
 2.64638e+05
 2.64638e+05
 2.64638e+05
 2.64638e+05
 2.64638e+05
 2.64638e+05
 2.64638e+05
 2.64638e+05
 2.64638e+05
 2.64638e+05
 2.64638e+05
 2.64638e+05
 2.64638e+05
 2.64638e+05
 2.64638e+05
 2.64638e+05
 2.64638e+05
 2.64638e+05
 2.64638e+05
 2.64638e+05
 2.64638e+05
 2.64638e+05
 2.64638e+05
 2.64638e+05
 2.64638e+05
 1.92827e+05
 0.00000e+00
 0.00000e+00
 0.00000e+00
 0.00000e+00
 0.00000e+00
 0.00000e+00
 0.00000e+00
 0.00000e+00
 0.00000e+00
 0.00000e+00
 0.00000e+00
 0.00000e+00
 0.00000e+00
 0.00000e+00
 0.00000e+00
 0.00000e+00
 0.00000e+00
 2.49808e-26
 0.00000e+00
 0.00000e+00
 0.00000e+00
 0.00000e+00
 0.00000e+00
 0.00000e+00
 0.00000e+00
 0.00000e+00
 0.00000e+00
 0.00000e+00
 0.00000e+00
 0.00000e+00
 0.00000e+00
 0.00000e+00
 6.52383e-27
 0.00000e+00
 0.00000e+00
 0.00000e+00
 0.00000e+00
 0.00000e+00
 0.00000e+00
 1.87356e-25
-3.12260e-25
 0.00000e+00
-1.49885e-25
 0.00000e+00
 0.00000e+00
 0.00000e+00
 0.00000e+00
 0.00000e+00
 0.00000e+00
 0.00000e+00
 0.00000e+00
 0.00000e+00
 1.92827e+05
