scalar
part
         1
coordinates
 1.65065e+05
 1.75159e+05
 1.75159e+05
 1.94466e-11
 1.75159e+05
 1.94466e-11
 1.75159e+05
 1.94466e-11
-3.23117e-27
 1.75159e+05
 1.94466e-11
 1.75159e+05
 1.94466e-11
 1.75159e+05
 1.94466e-11
 0.00000e+00
 1.75159e+05
 1.94466e-11
 1.75159e+05
 0.00000e+00
 0.00000e+00
 1.75159e+05
 1.94466e-11
 1.75159e+05
 0.00000e+00
 1.75159e+05
 1.94466e-11
 1.75159e+05
 0.00000e+00
 1.75159e+05
 1.75159e+05
 1.94466e-11
-5.38141e-26
 1.75159e+05
 1.94466e-11
 1.75159e+05
 1.94466e-11
 1.75159e+05
-4.18554e-26
 1.75159e+05
 1.75159e+05
 1.75159e+05
 1.75159e+05
 1.94466e-11
 1.75159e+05
 1.94466e-11
 1.75159e+05
 1.94466e-11
 1.75159e+05
 1.94466e-11
 1.75159e+05
 0.00000e+00
 1.75159e+05
 1.65065e+05
 1.75159e+05
 1.75159e+05
 1.75159e+05
 1.75159e+05
 1.75159e+05
 1.75159e+05
 1.75159e+05
 1.75159e+05
 1.75159e+05
 1.75159e+05
 1.75159e+05
 1.75159e+05
 1.75159e+05
 1.75159e+05
 1.75159e+05
 1.75159e+05
 1.75159e+05
 1.75159e+05
 1.75159e+05
 1.75159e+05
 1.75159e+05
 1.75159e+05
 1.75159e+05
 1.75159e+05
 1.75159e+05
 1.75159e+05
 1.75159e+05
 1.75159e+05
 1.65065e+05
 0.00000e+00
 0.00000e+00
 0.00000e+00
 0.00000e+00
 0.00000e+00
 0.00000e+00
 0.00000e+00
 0.00000e+00
 0.00000e+00
 0.00000e+00
 0.00000e+00
 0.00000e+00
 0.00000e+00
 0.00000e+00
 0.00000e+00
 0.00000e+00
-5.38141e-26
 0.00000e+00
 0.00000e+00
 0.00000e+00
-3.96964e-26
 0.00000e+00
 0.00000e+00
 0.00000e+00
 0.00000e+00
 1.65065e+05
