scalar
part
         1
coordinates
 6.46099e+05
 6.52903e+05
 6.52903e+05
 0.00000e+00
 6.52903e+05
 0.00000e+00
 6.52903e+05
 0.00000e+00
 6.52903e+05
 0.00000e+00
 6.52903e+05
 0.00000e+00
 6.52903e+05
 0.00000e+00
 1.44974e-10
 6.52903e+05
 0.00000e+00
 6.52903e+05
 0.00000e+00
 6.52903e+05
 0.00000e+00
 6.52903e+05
 0.00000e+00
 6.52903e+05
 0.00000e+00
 6.52903e+05
 0.00000e+00
 6.52903e+05
 0.00000e+00
 6.52903e+05
 0.00000e+00
 6.52903e+05
 0.00000e+00
 6.52903e+05
 0.00000e+00
 6.52903e+05
 0.00000e+00
 6.52903e+05
 0.00000e+00
 6.52903e+05
 0.00000e+00
 0.00000e+00
 6.52903e+05
 0.00000e+00
 6.52903e+05
 0.00000e+00
 6.52903e+05
 0.00000e+00
 6.52903e+05
 0.00000e+00
 6.52903e+05
 6.43812e-26
 2.54841e-25
 6.52903e+05
 6.52903e+05
 0.00000e+00
 6.52903e+05
 7.24868e-11
 6.52903e+05
 0.00000e+00
 6.52903e+05
 0.00000e+00
 6.52903e+05
-1.44974e-10
 6.52903e+05
 0.00000e+00
 6.52903e+05
 6.52903e+05
 0.00000e+00
 1.71414e-24
 6.52903e+05
 3.26452e+05
 1.44974e-10
 0.00000e+00
 6.52903e+05
 6.52903e+05
 2.17460e-10
 6.52903e+05
 0.00000e+00
 6.52903e+05
 0.00000e+00
 6.52903e+05
 0.00000e+00
 6.52903e+05
 0.00000e+00
 6.52903e+05
 0.00000e+00
 6.52903e+05
 0.00000e+00
 6.52903e+05
 0.00000e+00
 6.52903e+05
 0.00000e+00
 6.52903e+05
-1.44974e-10
 6.52903e+05
 0.00000e+00
 6.52903e+05
 0.00000e+00
 6.52903e+05
 2.17460e-10
 6.52903e+05
 0.00000e+00
 6.52903e+05
 0.00000e+00
 6.52903e+05
 2.17634e+05
 0.00000e+00
 6.52903e+05
 6.52903e+05
-1.44974e-10
 6.52903e+05
 0.00000e+00
 6.52903e+05
 0.00000e+00
 3.26452e+05
-1.44974e-10
 6.52903e+05
 0.00000e+00
 7.24868e-11
 6.52903e+05
 0.00000e+00
 6.52903e+05
 0.00000e+00
 6.52903e+05
 0.00000e+00
 6.52903e+05
 0.00000e+00
 6.52903e+05
 6.52903e+05
 3.26452e+05
 6.52903e+05
 0.00000e+00
-3.21906e-26
 6.52903e+05
 3.11040e-24
-3.01517e-24
 3.26452e+05
-1.44974e-10
 6.52903e+05
 6.52903e+05
 0.00000e+00
 6.52903e+05
 3.26452e+05
-1.44974e-10
 6.52903e+05
 0.00000e+00
 6.52903e+05
 0.00000e+00
 1.63226e+05
-1.44974e-10
 6.52903e+05
 6.52903e+05
 0.00000e+00
 6.52903e+05
 0.00000e+00
 6.52903e+05
 0.00000e+00
 2.79816e+05
 0.00000e+00
 2.79816e+05
 0.00000e+00
 6.52903e+05
 6.52903e+05
 0.00000e+00
 6.52903e+05
 2.95213e-24
 6.52903e+05
 6.52903e+05
 0.00000e+00
 0.00000e+00
 6.52903e+05
 0.00000e+00
 6.52903e+05
 0.00000e+00
 6.52903e+05
-7.24868e-10
 0.00000e+00
 6.52903e+05
 6.52903e+05
 6.46099e+05
 6.52903e+05
 6.52903e+05
 6.52903e+05
 0.00000e+00
 6.52903e+05
-1.44974e-10
 6.52903e+05
 0.00000e+00
 6.52903e+05
 0.00000e+00
 6.52903e+05
 6.52903e+05
 0.00000e+00
 6.52903e+05
 0.00000e+00
 6.52903e+05
 6.52903e+05
 0.00000e+00
 6.52903e+05
 6.52903e+05
 6.52903e+05
 6.52903e+05
 0.00000e+00
 6.52903e+05
-1.44974e-10
-1.44974e-10
 6.52903e+05
 0.00000e+00
 6.52903e+05
 0.00000e+00
 6.52903e+05
 6.52903e+05
 6.52903e+05
 6.52903e+05
 6.52903e+05
 6.52903e+05
 0.00000e+00
 6.52903e+05
-1.44974e-10
 6.52903e+05
 0.00000e+00
 6.52903e+05
 0.00000e+00
 6.52903e+05
-1.44974e-10
 6.52903e+05
 0.00000e+00
 1.36522e+04
 1.36522e+04
 1.36522e+04
 1.36522e+04
 1.36522e+04
 1.36522e+04
 1.36522e+04
 1.36522e+04
 1.36522e+04
 1.36522e+04
 1.36522e+04
 1.36522e+04
 1.36522e+04
 1.36522e+04
 1.36522e+04
 1.36522e+04
 1.36522e+04
 1.36522e+04
 1.36522e+04
 1.36522e+04
 1.36522e+04
 3.33278e+05
 1.36522e+04
 1.36522e+04
 1.36522e+04
 1.36522e+04
 1.36522e+04
 1.36522e+04
 1.36522e+04
 3.33278e+05
 1.36522e+04
 1.36522e+04
 1.36522e+04
 3.33278e+05
 1.36522e+04
 1.36522e+04
 1.36522e+04
 1.36522e+04
 1.36522e+04
 1.36522e+04
 1.36522e+04
 1.36522e+04
 1.36522e+04
 1.36522e+04
 1.36522e+04
 1.36522e+04
 1.36522e+04
 1.36522e+04
 1.36522e+04
 1.36522e+04
 1.36522e+04
 1.36522e+04
 1.36522e+04
 1.36522e+04
 1.36522e+04
 1.36522e+04
 2.26736e+05
 1.36522e+04
 1.36522e+04
 1.36522e+04
 1.36522e+04
 3.33278e+05
 1.36522e+04
 1.36522e+04
 3.33278e+05
 1.36522e+04
 1.36522e+04
 4.39820e+05
 1.36522e+04
 3.33278e+05
 3.33278e+05
 1.36522e+04
 1.36522e+04
 3.33278e+05
 1.36522e+04
 1.36522e+04
 3.33278e+05
 1.36522e+04
 1.36522e+04
 1.36522e+04
 1.73465e+05
 1.36522e+04
 1.36522e+04
 1.36522e+04
 1.36522e+04
 2.87617e+05
 1.36522e+04
 2.87617e+05
 1.36522e+04
 1.36522e+04
 1.36522e+04
 1.36522e+04
 1.36522e+04
 1.36522e+04
 1.36522e+04
 1.36522e+04
 1.36522e+04
 1.36522e+04
 1.36522e+04
 1.36522e+04
 1.36522e+04
 1.36522e+04
 1.36522e+04
 1.36522e+04
 1.36522e+04
 1.36522e+04
 1.36522e+04
 1.36522e+04
 1.36522e+04
 1.36522e+04
 1.36522e+04
 1.36522e+04
 1.36522e+04
 1.36522e+04
 1.36522e+04
 1.36522e+04
 1.36522e+04
 1.36522e+04
 1.36522e+04
 1.37290e+04
 1.37290e+04
 1.37290e+04
 1.37290e+04
 1.37290e+04
 1.37290e+04
 1.37290e+04
 1.37290e+04
 1.37290e+04
 1.37290e+04
 1.37290e+04
 1.37290e+04
 1.37290e+04
 1.37290e+04
 1.37290e+04
 1.37290e+04
 1.37290e+04
 1.37290e+04
 1.37290e+04
 1.37290e+04
 1.37290e+04
 1.37290e+04
 1.37290e+04
 1.37290e+04
 1.36906e+04
 1.37290e+04
 1.37290e+04
 1.37290e+04
 1.37290e+04
 1.37290e+04
 1.37290e+04
 1.37290e+04
 1.37290e+04
 1.37290e+04
 1.37290e+04
 1.37290e+04
 1.37290e+04
 1.37290e+04
 1.37290e+04
 1.37290e+04
 1.37290e+04
 1.37290e+04
 1.37290e+04
 1.37290e+04
 1.37290e+04
 1.37290e+04
 1.37290e+04
 1.37290e+04
 1.37290e+04
 1.37290e+04
 1.37290e+04
 1.37290e+04
 1.37290e+04
 1.37290e+04
 1.37290e+04
 1.37290e+04
 1.37290e+04
 1.37290e+04
 1.37290e+04
 1.37290e+04
 1.37290e+04
 1.37290e+04
 1.37290e+04
 1.37290e+04
 1.37290e+04
 1.37290e+04
 1.37290e+04
 1.37290e+04
 1.36906e+04
 1.37290e+04
 1.37290e+04
 1.37290e+04
 1.37290e+04
 1.37290e+04
 1.37290e+04
 1.37290e+04
 1.37290e+04
 1.37290e+04
 1.37290e+04
 1.37290e+04
 1.37290e+04
 1.37290e+04
 1.37290e+04
 1.37290e+04
 1.37290e+04
 1.37290e+04
 1.37290e+04
 1.37290e+04
 1.37290e+04
 1.37290e+04
 1.37290e+04
 1.37290e+04
 1.37290e+04
 1.37290e+04
 1.37290e+04
 1.37290e+04
 1.37290e+04
 1.37290e+04
 1.37290e+04
 1.37290e+04
 1.37290e+04
 1.37290e+04
 1.37290e+04
 1.37290e+04
 1.37290e+04
 1.37290e+04
 1.37290e+04
 1.37290e+04
 1.37838e+04
 1.37838e+04
 1.37838e+04
 1.37838e+04
 1.37838e+04
 1.37838e+04
 1.37838e+04
 1.37838e+04
 1.37838e+04
 1.37838e+04
 1.37838e+04
 1.37838e+04
 1.37838e+04
 1.37838e+04
 1.37838e+04
 1.37838e+04
 1.37838e+04
 1.37838e+04
 1.37838e+04
 1.37838e+04
 1.37564e+04
 1.37838e+04
 1.37838e+04
 1.37838e+04
 1.37838e+04
 1.37838e+04
 1.37838e+04
 1.37838e+04
 1.37838e+04
 1.37838e+04
 1.37564e+04
 1.37838e+04
 1.37838e+04
 1.37838e+04
 1.37838e+04
 1.37838e+04
 1.37838e+04
 1.37838e+04
 1.37838e+04
 1.37838e+04
 1.37838e+04
 1.37838e+04
 1.37838e+04
 1.37838e+04
 1.37838e+04
 1.37838e+04
 1.37838e+04
 1.37838e+04
 1.37838e+04
 1.37838e+04
 1.37838e+04
 1.37838e+04
 1.37838e+04
 1.37838e+04
 1.37838e+04
 1.37564e+04
 1.37838e+04
 1.37838e+04
 1.37838e+04
 1.37838e+04
 1.37564e+04
 1.37838e+04
 1.37838e+04
 1.37838e+04
 1.37838e+04
 1.37838e+04
 1.37838e+04
 1.37427e+04
 1.37838e+04
 1.37838e+04
 1.37838e+04
 1.37838e+04
 1.37838e+04
 1.37838e+04
 1.37838e+04
 1.37838e+04
 1.37838e+04
 1.37838e+04
 1.37838e+04
 1.37838e+04
 1.37838e+04
 1.37838e+04
 1.37838e+04
 1.37838e+04
 1.37838e+04
 1.37838e+04
 1.37838e+04
 1.37838e+04
 1.37838e+04
 1.37838e+04
 1.37838e+04
 1.37838e+04
 1.37838e+04
 1.37838e+04
 1.37838e+04
 1.37838e+04
 1.37838e+04
 1.37838e+04
 1.37838e+04
 1.37838e+04
 1.37838e+04
 1.37838e+04
 1.37838e+04
 1.37838e+04
 1.37838e+04
 1.37838e+04
 1.37838e+04
 1.37838e+04
 1.37838e+04
 1.38167e+04
 1.38167e+04
 1.38167e+04
 1.38167e+04
 1.38167e+04
 1.38167e+04
 1.38167e+04
 1.38167e+04
 1.38167e+04
 1.38167e+04
 1.38167e+04
 1.38167e+04
 1.38167e+04
 1.38167e+04
 1.38167e+04
 1.38167e+04
 1.38167e+04
 1.38167e+04
 1.38003e+04
 1.38167e+04
 1.38167e+04
 1.38167e+04
 1.38167e+04
 1.38167e+04
 1.38167e+04
 1.38167e+04
 1.38167e+04
 1.38167e+04
 1.38167e+04
 1.38167e+04
 1.38003e+04
 1.38167e+04
 1.38167e+04
 1.38167e+04
 1.38167e+04
 1.38167e+04
 1.38167e+04
 1.38167e+04
 1.38167e+04
 1.38167e+04
 1.38167e+04
 1.38167e+04
 1.38167e+04
 1.38167e+04
 1.38167e+04
 1.38167e+04
 1.38167e+04
 1.38167e+04
 1.38167e+04
 1.38167e+04
 1.38167e+04
 1.38167e+04
 1.38167e+04
 1.38167e+04
 1.38167e+04
 1.38167e+04
 1.38167e+04
 1.38167e+04
 1.38167e+04
 1.38167e+04
 1.38167e+04
 1.38167e+04
 1.38167e+04
 1.38003e+04
 1.38167e+04
 1.38167e+04
 1.38167e+04
 1.38003e+04
 1.38167e+04
 1.38003e+04
 1.38167e+04
 1.38167e+04
 1.38167e+04
 1.38003e+04
 1.38167e+04
 1.38167e+04
 1.38167e+04
 1.38167e+04
 1.38085e+04
 1.38167e+04
 1.38167e+04
 1.38167e+04
 1.38167e+04
 1.38167e+04
 1.38167e+04
 1.38167e+04
 1.38167e+04
 1.38167e+04
 1.38167e+04
 1.38167e+04
 1.38167e+04
 1.38167e+04
 1.38167e+04
 1.38167e+04
 1.38167e+04
 1.38167e+04
 1.38167e+04
 1.38167e+04
 1.38167e+04
 1.38167e+04
 1.38167e+04
 1.38167e+04
 1.38167e+04
 1.38167e+04
 1.38167e+04
 1.38167e+04
 1.38167e+04
 1.38167e+04
 1.38167e+04
 1.38167e+04
 1.38167e+04
 1.38167e+04
 1.38167e+04
 1.38167e+04
 1.38167e+04
 1.38167e+04
 1.38167e+04
 1.38167e+04
 1.38167e+04
 1.38167e+04
 1.38277e+04
 1.38277e+04
 1.38277e+04
 1.38277e+04
 1.38277e+04
 1.38277e+04
 1.38277e+04
 1.38277e+04
 1.38277e+04
 1.38277e+04
 1.38277e+04
 1.38277e+04
 1.38277e+04
 1.38277e+04
 1.38277e+04
 1.38277e+04
 1.38277e+04
 1.38277e+04
 1.38277e+04
 1.38277e+04
 1.38277e+04
 1.38277e+04
 1.38277e+04
 1.38277e+04
 1.38277e+04
 1.38277e+04
 1.38277e+04
 1.38277e+04
 1.38277e+04
 1.38222e+04
 1.38277e+04
 1.38277e+04
 1.38277e+04
 1.38277e+04
 1.38277e+04
 1.38277e+04
 1.38277e+04
 1.38277e+04
 1.38277e+04
 1.38277e+04
 1.38222e+04
 1.38277e+04
 1.38277e+04
 1.38277e+04
 1.38277e+04
 1.38277e+04
 1.38277e+04
 1.38277e+04
 1.38277e+04
 1.38277e+04
 1.38277e+04
 1.38277e+04
 1.38277e+04
 1.38277e+04
 1.38277e+04
 1.38277e+04
 1.38277e+04
 1.38277e+04
 1.38277e+04
 1.38277e+04
 1.38277e+04
 1.38277e+04
 1.38222e+04
 1.38277e+04
 1.38277e+04
 1.38277e+04
 1.38277e+04
 1.38277e+04
 1.38277e+04
 1.38222e+04
 1.38222e+04
 1.38277e+04
 1.38277e+04
 1.38277e+04
 1.38222e+04
 1.38277e+04
 1.38277e+04
 1.38277e+04
 1.38277e+04
 1.38277e+04
 1.38277e+04
 1.38277e+04
 1.38249e+04
 1.38277e+04
 1.38277e+04
 1.38277e+04
 1.38277e+04
 1.38277e+04
 1.38277e+04
 1.38277e+04
 1.38277e+04
 1.38277e+04
 1.38277e+04
 1.38277e+04
 1.38277e+04
 1.38277e+04
 1.38277e+04
 1.38277e+04
 1.38277e+04
 1.38277e+04
 1.38277e+04
 1.38277e+04
 1.38277e+04
 1.38277e+04
 1.38277e+04
 1.38277e+04
 1.38277e+04
 1.38277e+04
 1.38277e+04
 1.38277e+04
 1.38277e+04
 1.38277e+04
 1.38277e+04
 1.38167e+04
 1.38167e+04
 1.38167e+04
 1.38167e+04
 1.38167e+04
 1.38167e+04
 1.38167e+04
 1.38167e+04
 1.38167e+04
 1.38167e+04
 1.38167e+04
 1.38167e+04
 1.38167e+04
 1.38167e+04
 1.38167e+04
 1.38167e+04
 1.38167e+04
 1.38167e+04
 1.38167e+04
 1.38167e+04
 1.38167e+04
 1.38167e+04
 1.38167e+04
 1.38167e+04
 1.38167e+04
 1.38167e+04
 1.38167e+04
 1.38167e+04
 1.38167e+04
 1.38167e+04
 1.38167e+04
 1.38167e+04
 1.38167e+04
 1.38167e+04
 1.38167e+04
 1.38167e+04
 1.38167e+04
 1.38167e+04
 1.38167e+04
 1.38167e+04
 1.38167e+04
 1.38167e+04
 1.38167e+04
 1.38167e+04
 1.38167e+04
 1.38167e+04
 1.38167e+04
 1.38167e+04
 1.38167e+04
 1.38167e+04
 1.38167e+04
 1.38167e+04
 1.38167e+04
 1.38167e+04
 1.38167e+04
 1.38167e+04
 1.38167e+04
 1.38167e+04
 1.38167e+04
 1.38167e+04
 1.38167e+04
 1.38167e+04
 1.38167e+04
 1.38167e+04
 1.38167e+04
 1.38167e+04
 1.38167e+04
 1.38167e+04
 1.38167e+04
 1.38167e+04
 1.38167e+04
 1.38167e+04
 1.38167e+04
 1.38167e+04
 1.38167e+04
 1.38167e+04
 1.38167e+04
 1.38167e+04
 1.38167e+04
 1.38230e+04
 1.38167e+04
 1.38167e+04
 1.38167e+04
 1.38167e+04
 1.38167e+04
 1.38167e+04
 1.38167e+04
 1.38167e+04
 1.38167e+04
 1.38167e+04
 1.38167e+04
 1.38167e+04
 1.38167e+04
 1.38167e+04
 1.38167e+04
 1.38167e+04
 1.38167e+04
 1.38167e+04
 1.38167e+04
 1.38167e+04
 1.38167e+04
 1.38167e+04
 1.38167e+04
 1.38167e+04
 1.38167e+04
 1.38167e+04
 1.38167e+04
 1.38167e+04
 1.37838e+04
 1.37838e+04
 1.37838e+04
 1.37838e+04
 1.37838e+04
 1.37838e+04
 1.37838e+04
 1.37838e+04
 1.37838e+04
 1.37838e+04
 1.37838e+04
 1.37838e+04
 1.37838e+04
 1.37838e+04
 1.37838e+04
 1.37838e+04
 1.37838e+04
 1.37838e+04
 1.37838e+04
 1.37838e+04
 1.37838e+04
 1.37838e+04
 1.38003e+04
 1.37838e+04
 1.37838e+04
 1.37838e+04
 1.37838e+04
 1.37838e+04
 1.37838e+04
 1.37838e+04
 1.37838e+04
 1.37838e+04
 1.37838e+04
 1.37838e+04
 1.37838e+04
 1.37838e+04
 1.37838e+04
 1.37838e+04
 1.37838e+04
 1.37838e+04
 1.37838e+04
 1.37838e+04
 1.37838e+04
 1.37838e+04
 1.37838e+04
 1.37838e+04
 1.37838e+04
 1.37838e+04
 1.37838e+04
 1.37838e+04
 1.37838e+04
 1.37838e+04
 1.37838e+04
 1.37838e+04
 1.37838e+04
 1.37838e+04
 1.37838e+04
 1.37838e+04
 1.37838e+04
 1.37838e+04
 1.37838e+04
 1.37838e+04
 1.37838e+04
 1.37838e+04
 1.37838e+04
 1.37838e+04
 1.37838e+04
 1.37838e+04
 1.37838e+04
 1.37838e+04
 1.37838e+04
 1.37838e+04
 1.37838e+04
 1.37838e+04
 1.37838e+04
 1.37838e+04
 1.37838e+04
 1.37838e+04
 1.37838e+04
 1.37838e+04
 1.37838e+04
 1.37838e+04
 1.37838e+04
 1.37838e+04
 1.37838e+04
 1.37838e+04
 1.37838e+04
 1.37838e+04
 1.37838e+04
 1.37838e+04
 1.37838e+04
 1.37838e+04
 1.37838e+04
 1.37838e+04
 1.37838e+04
 1.37838e+04
 1.37838e+04
 1.37838e+04
 1.37838e+04
 1.37838e+04
 1.37838e+04
 1.37838e+04
 1.37838e+04
 1.37838e+04
 1.37838e+04
 1.37290e+04
 1.37290e+04
 1.37290e+04
 1.37290e+04
 1.37290e+04
 1.37290e+04
 1.37290e+04
 1.37290e+04
 1.37290e+04
 1.37290e+04
 1.37290e+04
 1.37290e+04
 1.37290e+04
 1.37290e+04
 1.37290e+04
 1.37290e+04
 1.37290e+04
 1.37290e+04
 1.37290e+04
 1.37290e+04
 1.37290e+04
 1.37290e+04
 1.37290e+04
 1.37290e+04
 1.37564e+04
 1.37290e+04
 1.37290e+04
 1.37290e+04
 1.37290e+04
 1.37290e+04
 1.37290e+04
 1.37290e+04
 1.37290e+04
 1.37290e+04
 1.37290e+04
 1.37290e+04
 1.37290e+04
 1.37290e+04
 1.37290e+04
 1.37290e+04
 1.37290e+04
 1.37290e+04
 1.37290e+04
 1.37290e+04
 1.37290e+04
 1.37290e+04
 1.37290e+04
 1.37290e+04
 1.37290e+04
 1.37290e+04
 1.37290e+04
 1.37290e+04
 1.37290e+04
 1.37290e+04
 1.37290e+04
 1.37290e+04
 1.37290e+04
 1.37290e+04
 1.37290e+04
 1.37290e+04
 1.37290e+04
 1.37290e+04
 1.37290e+04
 1.37290e+04
 1.37290e+04
 1.37290e+04
 1.37290e+04
 1.37290e+04
 1.37290e+04
 1.37290e+04
 1.37290e+04
 1.37290e+04
 1.37290e+04
 1.37290e+04
 1.37290e+04
 1.37290e+04
 1.37290e+04
 1.37290e+04
 1.37290e+04
 1.37290e+04
 1.37290e+04
 1.37525e+04
 1.37290e+04
 1.37290e+04
 1.37290e+04
 1.37290e+04
 1.37290e+04
 1.37290e+04
 1.37290e+04
 1.37290e+04
 1.37290e+04
 1.37290e+04
 1.37290e+04
 1.37290e+04
 1.37290e+04
 1.37290e+04
 1.37290e+04
 1.37290e+04
 1.37290e+04
 1.37290e+04
 1.37290e+04
 1.37290e+04
 1.37290e+04
 1.37290e+04
 1.37290e+04
 1.37290e+04
 1.37290e+04
 1.37290e+04
 1.36522e+04
 1.36522e+04
 1.36522e+04
 1.36522e+04
 1.36522e+04
 1.36522e+04
 1.36522e+04
 1.36522e+04
 1.36522e+04
 1.36522e+04
 1.36522e+04
 1.36522e+04
 1.36522e+04
 1.36522e+04
 1.36522e+04
 1.36522e+04
 1.36522e+04
 1.36522e+04
 1.36522e+04
 1.36522e+04
 1.36522e+04
 1.36522e+04
 1.36522e+04
 1.36522e+04
 1.36522e+04
 1.36522e+04
 1.36522e+04
 1.36522e+04
 1.36522e+04
 1.36522e+04
 1.36522e+04
 1.36522e+04
 1.36522e+04
 1.36522e+04
 1.36522e+04
 1.36522e+04
 1.36522e+04
 1.36522e+04
 1.36522e+04
 1.36522e+04
 1.36522e+04
 1.36522e+04
 1.36522e+04
 1.36522e+04
 1.36522e+04
 1.36522e+04
 1.36522e+04
 1.36522e+04
 1.36522e+04
 1.36522e+04
 1.36522e+04
 1.36522e+04
 1.36522e+04
 1.36522e+04
 1.36522e+04
 1.36522e+04
 1.36522e+04
 1.36522e+04
 1.36522e+04
 1.36522e+04
 1.36522e+04
 1.36522e+04
 1.36522e+04
 1.36522e+04
 1.36522e+04
 1.36522e+04
 1.36522e+04
 1.36522e+04
 1.36522e+04
 1.36522e+04
 1.36522e+04
 1.36522e+04
 1.36522e+04
 1.36522e+04
 1.36522e+04
 1.37098e+04
 1.36522e+04
 1.36522e+04
 1.36522e+04
 1.36522e+04
 1.36522e+04
 1.36522e+04
 1.36522e+04
 1.36522e+04
 1.36522e+04
 1.36522e+04
 1.36522e+04
 1.36522e+04
 1.36522e+04
 1.36522e+04
 1.36522e+04
 1.36522e+04
 1.36522e+04
 1.36522e+04
 1.36522e+04
 1.36522e+04
 1.36522e+04
 1.36522e+04
 1.36522e+04
 1.36522e+04
 1.36522e+04
 1.36522e+04
 1.36522e+04
 1.36522e+04
 1.36522e+04
 1.36522e+04
 1.36522e+04
 1.36522e+04
 1.36522e+04
 6.52903e+05
 6.52903e+05
 6.52903e+05
 6.52903e+05
 6.52903e+05
 6.52903e+05
 6.52903e+05
 6.52903e+05
 6.52903e+05
 6.52903e+05
 6.52903e+05
 6.52903e+05
 6.52903e+05
 6.52903e+05
 6.52903e+05
 6.52903e+05
 6.52903e+05
 6.52903e+05
 6.52903e+05
 6.52903e+05
 6.52903e+05
 6.52903e+05
 6.52903e+05
 6.52903e+05
 6.52903e+05
 6.52903e+05
 6.52903e+05
 6.52903e+05
 6.52903e+05
 6.52903e+05
 6.52903e+05
 6.52903e+05
 6.52903e+05
 6.52903e+05
 6.52903e+05
 6.52903e+05
 6.52903e+05
 6.52903e+05
 3.33278e+05
 6.52903e+05
 6.52903e+05
 6.52903e+05
 6.52903e+05
 6.52903e+05
 6.52903e+05
 6.52903e+05
 6.52903e+05
 6.52903e+05
 6.52903e+05
 6.52903e+05
 6.52903e+05
 6.52903e+05
 6.52903e+05
 6.52903e+05
 6.52903e+05
 6.52903e+05
 6.52903e+05
 6.52903e+05
 6.52903e+05
 6.52903e+05
 6.52903e+05
 6.52903e+05
 6.52903e+05
 6.52903e+05
 6.52903e+05
 3.33278e+05
 6.52903e+05
 6.52903e+05
 6.52903e+05
 6.52903e+05
 6.52903e+05
 6.52903e+05
 6.52903e+05
 4.93091e+05
 6.52903e+05
 6.52903e+05
 6.52903e+05
 6.52903e+05
 6.52903e+05
 6.52903e+05
 6.52903e+05
 6.52903e+05
 6.52903e+05
 6.52903e+05
 6.52903e+05
 6.52903e+05
 6.52903e+05
 6.52903e+05
 6.52903e+05
 6.52903e+05
 6.52903e+05
 6.52903e+05
 6.52903e+05
 6.52903e+05
 6.52903e+05
 6.52903e+05
 6.52903e+05
 6.52903e+05
 6.52903e+05
 6.52903e+05
 6.52903e+05
 6.52903e+05
 6.52903e+05
 6.52903e+05
 6.52903e+05
 6.52903e+05
 6.52903e+05
 6.46099e+05
 0.00000e+00
 0.00000e+00
 0.00000e+00
 0.00000e+00
 0.00000e+00
 0.00000e+00
 0.00000e+00
 0.00000e+00
 0.00000e+00
 0.00000e+00
 0.00000e+00
 0.00000e+00
 0.00000e+00
 0.00000e+00
 0.00000e+00
 0.00000e+00
 0.00000e+00
 0.00000e+00
 0.00000e+00
 0.00000e+00
 0.00000e+00
 0.00000e+00
 0.00000e+00
 0.00000e+00
 0.00000e+00
 6.43812e-26
 3.19222e-25
 0.00000e+00
 0.00000e+00
 0.00000e+00
 0.00000e+00
 0.00000e+00
 0.00000e+00
 0.00000e+00
 0.00000e+00
 1.52368e-24
 0.00000e+00
 0.00000e+00
 3.26452e+05
-2.54841e-25
 0.00000e+00
 0.00000e+00
 0.00000e+00
 0.00000e+00
 0.00000e+00
 0.00000e+00
 0.00000e+00
 0.00000e+00
 0.00000e+00
 0.00000e+00
 0.00000e+00
 0.00000e+00
 0.00000e+00
 0.00000e+00
 0.00000e+00
 0.00000e+00
 0.00000e+00
 0.00000e+00
 0.00000e+00
 0.00000e+00
 0.00000e+00
 0.00000e+00
 0.00000e+00
 0.00000e+00
 0.00000e+00
 0.00000e+00
 9.52300e-26
 0.00000e+00
 3.26452e+05
 3.01517e-24
-2.98298e-24
 0.00000e+00
 0.00000e+00
 0.00000e+00
 0.00000e+00
 0.00000e+00
 0.00000e+00
 0.00000e+00
 0.00000e+00
 0.00000e+00
 0.00000e+00
 0.00000e+00
 0.00000e+00
 3.07955e-24
 0.00000e+00
 0.00000e+00
 0.00000e+00
 0.00000e+00
 1.39760e-24
 0.00000e+00
 6.46099e+05
 0.00000e+00
 0.00000e+00
 0.00000e+00
 0.00000e+00
 0.00000e+00
 0.00000e+00
 0.00000e+00
 0.00000e+00
 0.00000e+00
 0.00000e+00
 0.00000e+00
 0.00000e+00
 0.00000e+00
 0.00000e+00
 0.00000e+00
 0.00000e+00
