scalar
part
         1
coordinates
 1.17738e+05
 2.27933e+05
 2.27933e+05
 0.00000e+00
 2.27933e+05
 0.00000e+00
 2.27933e+05
 0.00000e+00
 2.27933e+05
 0.00000e+00
 2.27933e+05
 0.00000e+00
 2.27933e+05
 0.00000e+00
 2.27933e+05
 0.00000e+00
 2.53056e-11
 2.27933e+05
 0.00000e+00
 2.27933e+05
 0.00000e+00
 2.27933e+05
 0.00000e+00
 2.27933e+05
 0.00000e+00
 2.27933e+05
 2.27933e+05
 0.00000e+00
 2.27933e+05
 2.53056e-11
 2.27933e+05
-5.06112e-11
 2.27933e+05
-5.06112e-11
 2.27933e+05
-5.06112e-11
 0.00000e+00
 2.27933e+05
 2.53056e-11
 2.27933e+05
 0.00000e+00
 2.27933e+05
 0.00000e+00
 2.27933e+05
 0.00000e+00
 2.27933e+05
 0.00000e+00
 2.27933e+05
 0.00000e+00
 2.27933e+05
 0.00000e+00
 2.27933e+05
 0.00000e+00
 2.27933e+05
 0.00000e+00
 2.27933e+05
-5.06112e-11
 2.27933e+05
-5.06112e-11
 2.27933e+05
 0.00000e+00
 2.27933e+05
-5.06112e-11
 2.27933e+05
 2.27933e+05
 0.00000e+00
 0.00000e+00
 2.27933e+05
 0.00000e+00
 2.27933e+05
 0.00000e+00
 2.27933e+05
 0.00000e+00
 2.27933e+05
 0.00000e+00
 2.27933e+05
 0.00000e+00
 2.27933e+05
 8.98635e-26
 2.27933e+05
 2.27933e+05
 0.00000e+00
-1.49773e-25
 2.27933e+05
-1.26528e-10
 2.27933e+05
 2.27933e+05
 0.00000e+00
 2.27933e+05
 2.27933e+05
 0.00000e+00
 2.27933e+05
-5.06112e-11
 2.27933e+05
 0.00000e+00
 2.27933e+05
 0.00000e+00
 2.27933e+05
 0.00000e+00
 2.27933e+05
 0.00000e+00
 2.27933e+05
 0.00000e+00
 2.27933e+05
 0.00000e+00
 2.27933e+05
 0.00000e+00
 2.27933e+05
 1.17738e+05
 2.22486e+05
 2.22486e+05
 2.22486e+05
 2.22486e+05
 2.22486e+05
 2.22486e+05
 2.22486e+05
 2.22486e+05
 2.22486e+05
 2.22486e+05
 2.22486e+05
 2.22486e+05
 2.22486e+05
 2.22486e+05
 2.22486e+05
 2.22486e+05
 2.22486e+05
 2.22486e+05
 2.22486e+05
 2.22486e+05
 2.22486e+05
 2.22486e+05
 2.22486e+05
 2.22486e+05
 2.22486e+05
 2.22486e+05
 2.22486e+05
 2.22486e+05
 2.22486e+05
 2.22486e+05
 2.22486e+05
 2.22486e+05
 2.22486e+05
 2.22486e+05
 2.22486e+05
 2.22486e+05
 2.22486e+05
 2.22486e+05
 2.22486e+05
 2.22486e+05
 2.22486e+05
 2.22486e+05
 2.22486e+05
 2.22486e+05
 2.22486e+05
 2.22486e+05
 2.22486e+05
 2.22486e+05
 2.22486e+05
 2.22486e+05
 2.22486e+05
 2.22486e+05
 2.22486e+05
 2.22486e+05
 2.24584e+05
 2.24584e+05
 2.24584e+05
 2.24584e+05
 2.24584e+05
 2.24584e+05
 2.24584e+05
 2.24584e+05
 2.24584e+05
 2.24584e+05
 2.24584e+05
 2.24584e+05
 2.24584e+05
 2.24584e+05
 2.24584e+05
 2.24584e+05
 2.24584e+05
 2.24584e+05
 2.24584e+05
 2.24584e+05
 2.24584e+05
 2.24584e+05
 2.24584e+05
 2.24584e+05
 2.24584e+05
 2.24584e+05
 2.24584e+05
 2.24584e+05
 2.24584e+05
 2.24584e+05
 2.24584e+05
 2.24584e+05
 2.24584e+05
 2.24584e+05
 2.24584e+05
 2.24584e+05
 2.24584e+05
 2.24584e+05
 2.24584e+05
 2.24584e+05
 2.24584e+05
 2.24584e+05
 2.24584e+05
 2.24584e+05
 2.24584e+05
 2.24584e+05
 2.24584e+05
 2.24584e+05
 2.24584e+05
 2.24584e+05
 2.24584e+05
 2.24584e+05
 2.24584e+05
 2.24584e+05
 2.22486e+05
 2.22486e+05
 2.22486e+05
 2.22486e+05
 2.22486e+05
 2.22486e+05
 2.22486e+05
 2.22486e+05
 2.22486e+05
 2.22486e+05
 2.22486e+05
 2.22486e+05
 2.22486e+05
 2.22486e+05
 2.22486e+05
 2.22486e+05
 2.22486e+05
 2.22486e+05
 2.22486e+05
 2.22486e+05
 2.22486e+05
 2.22486e+05
 2.22486e+05
 2.22486e+05
 2.22486e+05
 2.22486e+05
 2.22486e+05
 2.22486e+05
 2.22486e+05
 2.22486e+05
 2.22486e+05
 2.22486e+05
 2.22486e+05
 2.22486e+05
 2.22486e+05
 2.22486e+05
 2.22486e+05
 2.22486e+05
 2.22486e+05
 2.22486e+05
 2.22486e+05
 2.22486e+05
 2.22486e+05
 2.22486e+05
 2.22486e+05
 2.22486e+05
 2.22486e+05
 2.22486e+05
 2.22486e+05
 2.22486e+05
 2.22486e+05
 2.22486e+05
 2.27933e+05
 2.27933e+05
 2.27933e+05
 2.27933e+05
 2.27933e+05
 2.27933e+05
 2.27933e+05
 2.27933e+05
 2.27933e+05
 2.27933e+05
 2.27933e+05
 2.27933e+05
 2.27933e+05
 2.27933e+05
 2.27933e+05
 2.27933e+05
 2.27933e+05
 2.27933e+05
 2.27933e+05
 2.27933e+05
 2.27933e+05
 2.27933e+05
 2.27933e+05
 2.27933e+05
 2.27933e+05
 2.27933e+05
 2.27933e+05
 2.27933e+05
 2.27933e+05
 2.27933e+05
 2.27933e+05
 2.27933e+05
 2.27933e+05
 2.27933e+05
 2.27933e+05
 2.27933e+05
 2.27933e+05
 2.27933e+05
 2.27933e+05
 2.27933e+05
 2.27933e+05
 2.27933e+05
 2.27933e+05
 2.27933e+05
 2.27933e+05
 2.27933e+05
 2.27933e+05
 2.27933e+05
 2.27933e+05
 2.27933e+05
 2.27933e+05
 2.27933e+05
 2.27933e+05
 2.27933e+05
 1.17738e+05
 0.00000e+00
 0.00000e+00
 0.00000e+00
 0.00000e+00
 0.00000e+00
 0.00000e+00
 0.00000e+00
 0.00000e+00
 0.00000e+00
 0.00000e+00
 0.00000e+00
 0.00000e+00
 0.00000e+00
 0.00000e+00
 0.00000e+00
 0.00000e+00
 0.00000e+00
 1.19818e-26
 0.00000e+00
 0.00000e+00
 0.00000e+00
 0.00000e+00
 0.00000e+00
 0.00000e+00
 0.00000e+00
 0.00000e+00
 0.00000e+00
 0.00000e+00
 0.00000e+00
 0.00000e+00
 0.00000e+00
 0.00000e+00
 5.61897e-27
 0.00000e+00
 0.00000e+00
 0.00000e+00
 0.00000e+00
 0.00000e+00
 0.00000e+00
 8.98635e-26
-1.49773e-25
 0.00000e+00
-7.18908e-26
 0.00000e+00
 0.00000e+00
 0.00000e+00
 0.00000e+00
 0.00000e+00
 0.00000e+00
 0.00000e+00
 0.00000e+00
 0.00000e+00
 1.17738e+05
