scalar
part
         1
coordinates
 3.22253e+05
 3.31199e+05
 3.31199e+05
 0.00000e+00
 3.31199e+05
 0.00000e+00
 3.31199e+05
 0.00000e+00
 3.31199e+05
 0.00000e+00
 3.31199e+05
 0.00000e+00
 3.31199e+05
 0.00000e+00
 3.31199e+05
 0.00000e+00
 3.67705e-11
 3.31199e+05
 0.00000e+00
 3.31199e+05
 0.00000e+00
 3.31199e+05
 0.00000e+00
 3.31199e+05
 0.00000e+00
 3.31199e+05
 3.31199e+05
 0.00000e+00
 3.31199e+05
 3.67705e-11
 3.31199e+05
-7.35410e-11
 3.31199e+05
-7.35410e-11
 3.31199e+05
-7.35410e-11
 0.00000e+00
 3.31199e+05
 3.67705e-11
 3.31199e+05
 0.00000e+00
 3.31199e+05
 0.00000e+00
 3.31199e+05
 0.00000e+00
 3.31199e+05
 0.00000e+00
 3.31199e+05
 0.00000e+00
 3.31199e+05
 0.00000e+00
 3.31199e+05
 0.00000e+00
 3.31199e+05
 0.00000e+00
 3.31199e+05
-7.35410e-11
 3.31199e+05
-7.35410e-11
 3.31199e+05
 0.00000e+00
 3.31199e+05
-7.35410e-11
 3.31199e+05
 3.31199e+05
 0.00000e+00
 0.00000e+00
 3.31199e+05
 0.00000e+00
 3.31199e+05
 0.00000e+00
 3.31199e+05
 0.00000e+00
 3.31199e+05
 0.00000e+00
 3.31199e+05
 0.00000e+00
 3.31199e+05
 3.54179e-25
 3.31199e+05
 3.31199e+05
 0.00000e+00
-5.90298e-25
 3.31199e+05
-1.83853e-10
 3.31199e+05
 3.31199e+05
 0.00000e+00
 3.31199e+05
 3.31199e+05
 0.00000e+00
 3.31199e+05
-7.35410e-11
 3.31199e+05
 0.00000e+00
 3.31199e+05
 0.00000e+00
 3.31199e+05
 0.00000e+00
 3.31199e+05
 0.00000e+00
 3.31199e+05
 0.00000e+00
 3.31199e+05
 0.00000e+00
 3.31199e+05
 0.00000e+00
 3.31199e+05
 3.22253e+05
 1.79714e+04
 1.79714e+04
 1.79714e+04
 1.79714e+04
 1.79714e+04
 1.79714e+04
 1.79714e+04
 1.79714e+04
 1.79714e+04
 1.79714e+04
 1.79714e+04
 1.79714e+04
 1.79714e+04
 1.79714e+04
 1.79714e+04
 1.79714e+04
 1.79714e+04
 1.79714e+04
 1.79714e+04
 1.79714e+04
 1.79714e+04
 1.79714e+04
 1.79714e+04
 1.79714e+04
 1.79714e+04
 1.79714e+04
 1.79714e+04
 1.79714e+04
 1.79714e+04
 1.79714e+04
 1.79714e+04
 1.79714e+04
 1.79714e+04
 1.79714e+04
 1.79714e+04
 1.79714e+04
 1.79714e+04
 1.79714e+04
 1.79714e+04
 1.79714e+04
 1.79714e+04
 1.79714e+04
 1.79714e+04
 1.79714e+04
 1.79714e+04
 1.79714e+04
 1.79714e+04
 1.79714e+04
 1.79714e+04
 1.79714e+04
 1.79714e+04
 1.79714e+04
 1.79714e+04
 1.79714e+04
 1.80505e+04
 1.80505e+04
 1.80505e+04
 1.80505e+04
 1.80505e+04
 1.80505e+04
 1.80505e+04
 1.80505e+04
 1.80505e+04
 1.80505e+04
 1.80505e+04
 1.80505e+04
 1.80505e+04
 1.80505e+04
 1.80505e+04
 1.80505e+04
 1.80505e+04
 1.80505e+04
 1.80505e+04
 1.80505e+04
 1.80505e+04
 1.80505e+04
 1.80505e+04
 1.80505e+04
 1.80505e+04
 1.80505e+04
 1.80505e+04
 1.80505e+04
 1.80505e+04
 1.80505e+04
 1.80505e+04
 1.80505e+04
 1.80505e+04
 1.80505e+04
 1.80505e+04
 1.80505e+04
 1.80505e+04
 1.80505e+04
 1.80505e+04
 1.80505e+04
 1.80505e+04
 1.80505e+04
 1.80505e+04
 1.80505e+04
 1.80505e+04
 1.80505e+04
 1.80505e+04
 1.80505e+04
 1.80505e+04
 1.80505e+04
 1.80505e+04
 1.80505e+04
 1.80505e+04
 1.80505e+04
 1.79714e+04
 1.79714e+04
 1.79714e+04
 1.79714e+04
 1.79714e+04
 1.79714e+04
 1.79714e+04
 1.79714e+04
 1.79714e+04
 1.79714e+04
 1.79714e+04
 1.79714e+04
 1.79714e+04
 1.79714e+04
 1.79714e+04
 1.79714e+04
 1.79714e+04
 1.79714e+04
 1.79714e+04
 1.79714e+04
 1.79714e+04
 1.79714e+04
 1.79714e+04
 1.79714e+04
 1.79714e+04
 1.79714e+04
 1.79714e+04
 1.79714e+04
 1.79714e+04
 1.79714e+04
 1.79714e+04
 1.79714e+04
 1.79714e+04
 1.79714e+04
 1.79714e+04
 1.79714e+04
 1.79714e+04
 1.79714e+04
 1.79714e+04
 1.79714e+04
 1.79714e+04
 1.79714e+04
 1.79714e+04
 1.79714e+04
 1.79714e+04
 1.79714e+04
 1.79714e+04
 1.79714e+04
 1.79714e+04
 1.79714e+04
 1.79714e+04
 1.79714e+04
 3.31199e+05
 3.31199e+05
 3.31199e+05
 3.31199e+05
 3.31199e+05
 3.31199e+05
 3.31199e+05
 3.31199e+05
 3.31199e+05
 3.31199e+05
 3.31199e+05
 3.31199e+05
 3.31199e+05
 3.31199e+05
 3.31199e+05
 3.31199e+05
 3.31199e+05
 3.31199e+05
 3.31199e+05
 3.31199e+05
 3.31199e+05
 3.31199e+05
 3.31199e+05
 3.31199e+05
 3.31199e+05
 3.31199e+05
 3.31199e+05
 3.31199e+05
 3.31199e+05
 3.31199e+05
 3.31199e+05
 3.31199e+05
 3.31199e+05
 3.31199e+05
 3.31199e+05
 3.31199e+05
 3.31199e+05
 3.31199e+05
 3.31199e+05
 3.31199e+05
 3.31199e+05
 3.31199e+05
 3.31199e+05
 3.31199e+05
 3.31199e+05
 3.31199e+05
 3.31199e+05
 3.31199e+05
 3.31199e+05
 3.31199e+05
 3.31199e+05
 3.31199e+05
 3.31199e+05
 3.31199e+05
 3.22253e+05
 0.00000e+00
 0.00000e+00
 0.00000e+00
 0.00000e+00
 0.00000e+00
 0.00000e+00
 0.00000e+00
 0.00000e+00
 0.00000e+00
 0.00000e+00
 0.00000e+00
 0.00000e+00
 0.00000e+00
 0.00000e+00
 0.00000e+00
 0.00000e+00
 0.00000e+00
 4.72238e-26
 0.00000e+00
 0.00000e+00
 0.00000e+00
 0.00000e+00
 0.00000e+00
 0.00000e+00
 0.00000e+00
 0.00000e+00
 0.00000e+00
 0.00000e+00
 0.00000e+00
 0.00000e+00
 0.00000e+00
 0.00000e+00
 8.16469e-27
 0.00000e+00
 0.00000e+00
 0.00000e+00
 0.00000e+00
 0.00000e+00
 0.00000e+00
 3.54179e-25
-5.90298e-25
 0.00000e+00
-2.83343e-25
 0.00000e+00
 0.00000e+00
 0.00000e+00
 0.00000e+00
 0.00000e+00
 0.00000e+00
 0.00000e+00
 0.00000e+00
 0.00000e+00
 3.22253e+05
