scalar
part
         1
coordinates
 1.32620e+05
 2.07604e+05
 2.07604e+05
 2.30487e-11
 2.07604e+05
 2.30487e-11
 2.07604e+05
 2.30487e-11
-3.23117e-27
 2.07604e+05
 2.30487e-11
 2.07604e+05
 2.30487e-11
 2.07604e+05
 2.30487e-11
 0.00000e+00
 2.07604e+05
 2.30487e-11
 2.07604e+05
 0.00000e+00
 0.00000e+00
 2.07604e+05
 2.30487e-11
 2.07604e+05
 0.00000e+00
 2.07604e+05
 2.30487e-11
 2.07604e+05
 0.00000e+00
 2.07604e+05
 2.07604e+05
 2.30487e-11
-3.58180e-26
 2.07604e+05
 2.30487e-11
 2.07604e+05
 2.30487e-11
 2.07604e+05
-2.78584e-26
 2.07604e+05
 2.07604e+05
 2.07604e+05
 2.07604e+05
 2.30487e-11
 2.07604e+05
 2.30487e-11
 2.07604e+05
 2.30487e-11
 2.07604e+05
 2.30487e-11
 2.07604e+05
 0.00000e+00
 2.07604e+05
 1.32620e+05
 2.07604e+05
 2.07604e+05
 2.07604e+05
 2.07604e+05
 2.07604e+05
 2.07604e+05
 2.07604e+05
 2.07604e+05
 2.07604e+05
 2.07604e+05
 2.07604e+05
 2.07604e+05
 2.07604e+05
 2.07604e+05
 2.07604e+05
 2.07604e+05
 2.07604e+05
 2.07604e+05
 2.07604e+05
 2.07604e+05
 2.07604e+05
 2.07604e+05
 2.07604e+05
 2.07604e+05
 2.07604e+05
 2.07604e+05
 2.07604e+05
 2.07604e+05
 1.32620e+05
 0.00000e+00
 0.00000e+00
 0.00000e+00
 0.00000e+00
 0.00000e+00
 0.00000e+00
 0.00000e+00
 0.00000e+00
 0.00000e+00
 0.00000e+00
 0.00000e+00
 0.00000e+00
 0.00000e+00
 0.00000e+00
 0.00000e+00
 0.00000e+00
-3.58180e-26
 0.00000e+00
 0.00000e+00
 0.00000e+00
-2.52995e-26
 0.00000e+00
 0.00000e+00
 0.00000e+00
 0.00000e+00
 1.32620e+05
