scalar
part
         1
coordinates
 6.23259e+05
 6.34530e+05
 6.34530e+05
 0.00000e+00
 6.34530e+05
 0.00000e+00
 6.34530e+05
 0.00000e+00
 6.34530e+05
 0.00000e+00
 6.34530e+05
 0.00000e+00
 6.34530e+05
 0.00000e+00
 1.40894e-10
 6.34530e+05
 0.00000e+00
 6.34530e+05
 0.00000e+00
 6.34530e+05
 0.00000e+00
 6.34530e+05
 0.00000e+00
 6.34530e+05
 0.00000e+00
 6.34530e+05
 0.00000e+00
 6.34530e+05
 0.00000e+00
 6.34530e+05
 0.00000e+00
 6.34530e+05
 0.00000e+00
 6.34530e+05
 0.00000e+00
 6.34530e+05
 0.00000e+00
 6.34530e+05
 0.00000e+00
 6.34530e+05
 0.00000e+00
 0.00000e+00
 6.34530e+05
 0.00000e+00
 6.34530e+05
 0.00000e+00
 6.34530e+05
 0.00000e+00
 6.34530e+05
 0.00000e+00
 6.34530e+05
 6.25695e-26
 2.45832e-25
 6.34530e+05
 6.34530e+05
 0.00000e+00
 6.34530e+05
 7.04470e-11
 6.34530e+05
 0.00000e+00
 6.34530e+05
 0.00000e+00
 6.34530e+05
-1.40894e-10
 6.34530e+05
 0.00000e+00
 6.34530e+05
 6.34530e+05
 0.00000e+00
 1.64936e-24
 6.34530e+05
 3.17265e+05
 1.40894e-10
 0.00000e+00
 6.34530e+05
 6.34530e+05
 2.11341e-10
 6.34530e+05
 0.00000e+00
 6.34530e+05
 0.00000e+00
 6.34530e+05
 0.00000e+00
 6.34530e+05
 0.00000e+00
 6.34530e+05
 0.00000e+00
 6.34530e+05
 0.00000e+00
 6.34530e+05
 0.00000e+00
 6.34530e+05
 0.00000e+00
 6.34530e+05
-1.40894e-10
 6.34530e+05
 0.00000e+00
 6.34530e+05
 0.00000e+00
 6.34530e+05
 2.11341e-10
 6.34530e+05
 0.00000e+00
 6.34530e+05
 0.00000e+00
 6.34530e+05
 2.11510e+05
 0.00000e+00
 6.34530e+05
 6.34530e+05
-1.40894e-10
 6.34530e+05
 0.00000e+00
 6.34530e+05
 0.00000e+00
 3.17265e+05
-1.40894e-10
 6.34530e+05
 0.00000e+00
 7.04470e-11
 6.34530e+05
 0.00000e+00
 6.34530e+05
 0.00000e+00
 6.34530e+05
 0.00000e+00
 6.34530e+05
 0.00000e+00
 6.34530e+05
 6.34530e+05
 3.17265e+05
 6.34530e+05
 0.00000e+00
-3.12847e-26
 6.34530e+05
 2.99255e-24
-2.90092e-24
 3.17265e+05
-1.40894e-10
 6.34530e+05
 6.34530e+05
 0.00000e+00
 6.34530e+05
 3.17265e+05
-1.40894e-10
 6.34530e+05
 0.00000e+00
 6.34530e+05
 0.00000e+00
 1.58632e+05
-1.40894e-10
 6.34530e+05
 6.34530e+05
 0.00000e+00
 6.34530e+05
 0.00000e+00
 6.34530e+05
 0.00000e+00
 2.71941e+05
 0.00000e+00
 2.71941e+05
 0.00000e+00
 6.34530e+05
 6.34530e+05
 0.00000e+00
 6.34530e+05
 2.84057e-24
 6.34530e+05
 6.34530e+05
 0.00000e+00
 0.00000e+00
 6.34530e+05
 0.00000e+00
 6.34530e+05
 0.00000e+00
 6.34530e+05
-7.04469e-10
 0.00000e+00
 6.34530e+05
 6.34530e+05
 6.23259e+05
 6.34530e+05
 6.34530e+05
 6.34530e+05
 0.00000e+00
 6.34530e+05
-1.40894e-10
 6.34530e+05
 0.00000e+00
 6.34530e+05
 0.00000e+00
 6.34530e+05
 6.34530e+05
 0.00000e+00
 6.34530e+05
 0.00000e+00
 6.34530e+05
 6.34530e+05
 0.00000e+00
 6.34530e+05
 6.34530e+05
 6.34530e+05
 6.34530e+05
 0.00000e+00
 6.34530e+05
-1.40894e-10
-1.40894e-10
 6.34530e+05
 0.00000e+00
 6.34530e+05
 0.00000e+00
 6.34530e+05
 6.34530e+05
 6.34530e+05
 6.34530e+05
 6.34530e+05
 6.34530e+05
 0.00000e+00
 6.34530e+05
-1.40894e-10
 6.34530e+05
 0.00000e+00
 6.34530e+05
 0.00000e+00
 6.34530e+05
-1.40894e-10
 6.34530e+05
 0.00000e+00
 2.26534e+04
 2.26534e+04
 2.26534e+04
 2.26534e+04
 2.26534e+04
 2.26534e+04
 2.26534e+04
 2.26534e+04
 2.26534e+04
 2.26534e+04
 2.26534e+04
 2.26534e+04
 2.26534e+04
 2.26534e+04
 2.26534e+04
 2.26534e+04
 2.26534e+04
 2.26534e+04
 2.26534e+04
 2.26534e+04
 2.26534e+04
 3.28592e+05
 2.26534e+04
 2.26534e+04
 2.26534e+04
 2.26534e+04
 2.26534e+04
 2.26534e+04
 2.26534e+04
 3.28592e+05
 2.26534e+04
 2.26534e+04
 2.26534e+04
 3.28592e+05
 2.26534e+04
 2.26534e+04
 2.26534e+04
 2.26534e+04
 2.26534e+04
 2.26534e+04
 2.26534e+04
 2.26534e+04
 2.26534e+04
 2.26534e+04
 2.26534e+04
 2.26534e+04
 2.26534e+04
 2.26534e+04
 2.26534e+04
 2.26534e+04
 2.26534e+04
 2.26534e+04
 2.26534e+04
 2.26534e+04
 2.26534e+04
 2.26534e+04
 2.26612e+05
 2.26534e+04
 2.26534e+04
 2.26534e+04
 2.26534e+04
 3.28592e+05
 2.26534e+04
 2.26534e+04
 3.28592e+05
 2.26534e+04
 2.26534e+04
 4.30571e+05
 2.26534e+04
 3.28592e+05
 3.28592e+05
 2.26534e+04
 2.26534e+04
 3.28592e+05
 2.26534e+04
 2.26534e+04
 3.28592e+05
 2.26534e+04
 2.26534e+04
 2.26534e+04
 1.75622e+05
 2.26534e+04
 2.26534e+04
 2.26534e+04
 2.26534e+04
 2.84886e+05
 2.26534e+04
 2.84886e+05
 2.26534e+04
 2.26534e+04
 2.26534e+04
 2.26534e+04
 2.26534e+04
 2.26534e+04
 2.26534e+04
 2.26534e+04
 2.26534e+04
 2.26534e+04
 2.26534e+04
 2.26534e+04
 2.26534e+04
 2.26534e+04
 2.26534e+04
 2.26534e+04
 2.26534e+04
 2.26534e+04
 2.26534e+04
 2.26534e+04
 2.26534e+04
 2.26534e+04
 2.26534e+04
 2.26534e+04
 2.26534e+04
 2.26534e+04
 2.26534e+04
 2.26534e+04
 2.26534e+04
 2.26534e+04
 2.26534e+04
 2.28483e+04
 2.28483e+04
 2.28483e+04
 2.28483e+04
 2.28483e+04
 2.28483e+04
 2.28483e+04
 2.28483e+04
 2.28483e+04
 2.28483e+04
 2.28483e+04
 2.28483e+04
 2.28483e+04
 2.28483e+04
 2.28483e+04
 2.28483e+04
 2.28483e+04
 2.28483e+04
 2.28483e+04
 2.28483e+04
 2.28483e+04
 2.28483e+04
 2.28483e+04
 2.28483e+04
 2.27508e+04
 2.28483e+04
 2.28483e+04
 2.28483e+04
 2.28483e+04
 2.28483e+04
 2.28483e+04
 2.28483e+04
 2.28483e+04
 2.28483e+04
 2.28483e+04
 2.28483e+04
 2.28483e+04
 2.28483e+04
 2.28483e+04
 2.28483e+04
 2.28483e+04
 2.28483e+04
 2.28483e+04
 2.28483e+04
 2.28483e+04
 2.28483e+04
 2.28483e+04
 2.28483e+04
 2.28483e+04
 2.28483e+04
 2.28483e+04
 2.28483e+04
 2.28483e+04
 2.28483e+04
 2.28483e+04
 2.28483e+04
 2.28483e+04
 2.28483e+04
 2.28483e+04
 2.28483e+04
 2.28483e+04
 2.28483e+04
 2.28483e+04
 2.28483e+04
 2.28483e+04
 2.28483e+04
 2.28483e+04
 2.28483e+04
 2.27508e+04
 2.28483e+04
 2.28483e+04
 2.28483e+04
 2.28483e+04
 2.28483e+04
 2.28483e+04
 2.28483e+04
 2.28483e+04
 2.28483e+04
 2.28483e+04
 2.28483e+04
 2.28483e+04
 2.28483e+04
 2.28483e+04
 2.28483e+04
 2.28483e+04
 2.28483e+04
 2.28483e+04
 2.28483e+04
 2.28483e+04
 2.28483e+04
 2.28483e+04
 2.28483e+04
 2.28483e+04
 2.28483e+04
 2.28483e+04
 2.28483e+04
 2.28483e+04
 2.28483e+04
 2.28483e+04
 2.28483e+04
 2.28483e+04
 2.28483e+04
 2.28483e+04
 2.28483e+04
 2.28483e+04
 2.28483e+04
 2.28483e+04
 2.28483e+04
 2.29875e+04
 2.29875e+04
 2.29875e+04
 2.29875e+04
 2.29875e+04
 2.29875e+04
 2.29875e+04
 2.29875e+04
 2.29875e+04
 2.29875e+04
 2.29875e+04
 2.29875e+04
 2.29875e+04
 2.29875e+04
 2.29875e+04
 2.29875e+04
 2.29875e+04
 2.29875e+04
 2.29875e+04
 2.29875e+04
 2.29179e+04
 2.29875e+04
 2.29875e+04
 2.29875e+04
 2.29875e+04
 2.29875e+04
 2.29875e+04
 2.29875e+04
 2.29875e+04
 2.29875e+04
 2.29179e+04
 2.29875e+04
 2.29875e+04
 2.29875e+04
 2.29875e+04
 2.29875e+04
 2.29875e+04
 2.29875e+04
 2.29875e+04
 2.29875e+04
 2.29875e+04
 2.29875e+04
 2.29875e+04
 2.29875e+04
 2.29875e+04
 2.29875e+04
 2.29875e+04
 2.29875e+04
 2.29875e+04
 2.29875e+04
 2.29875e+04
 2.29875e+04
 2.29875e+04
 2.29875e+04
 2.29875e+04
 2.29179e+04
 2.29875e+04
 2.29875e+04
 2.29875e+04
 2.29875e+04
 2.29179e+04
 2.29875e+04
 2.29875e+04
 2.29875e+04
 2.29875e+04
 2.29875e+04
 2.29875e+04
 2.28831e+04
 2.29875e+04
 2.29875e+04
 2.29875e+04
 2.29875e+04
 2.29875e+04
 2.29875e+04
 2.29875e+04
 2.29875e+04
 2.29875e+04
 2.29875e+04
 2.29875e+04
 2.29875e+04
 2.29875e+04
 2.29875e+04
 2.29875e+04
 2.29875e+04
 2.29875e+04
 2.29875e+04
 2.29875e+04
 2.29875e+04
 2.29875e+04
 2.29875e+04
 2.29875e+04
 2.29875e+04
 2.29875e+04
 2.29875e+04
 2.29875e+04
 2.29875e+04
 2.29875e+04
 2.29875e+04
 2.29875e+04
 2.29875e+04
 2.29875e+04
 2.29875e+04
 2.29875e+04
 2.29875e+04
 2.29875e+04
 2.29875e+04
 2.29875e+04
 2.29875e+04
 2.29875e+04
 2.30710e+04
 2.30710e+04
 2.30710e+04
 2.30710e+04
 2.30710e+04
 2.30710e+04
 2.30710e+04
 2.30710e+04
 2.30710e+04
 2.30710e+04
 2.30710e+04
 2.30710e+04
 2.30710e+04
 2.30710e+04
 2.30710e+04
 2.30710e+04
 2.30710e+04
 2.30710e+04
 2.30292e+04
 2.30710e+04
 2.30710e+04
 2.30710e+04
 2.30710e+04
 2.30710e+04
 2.30710e+04
 2.30710e+04
 2.30710e+04
 2.30710e+04
 2.30710e+04
 2.30710e+04
 2.30292e+04
 2.30710e+04
 2.30710e+04
 2.30710e+04
 2.30710e+04
 2.30710e+04
 2.30710e+04
 2.30710e+04
 2.30710e+04
 2.30710e+04
 2.30710e+04
 2.30710e+04
 2.30710e+04
 2.30710e+04
 2.30710e+04
 2.30710e+04
 2.30710e+04
 2.30710e+04
 2.30710e+04
 2.30710e+04
 2.30710e+04
 2.30710e+04
 2.30710e+04
 2.30710e+04
 2.30710e+04
 2.30710e+04
 2.30710e+04
 2.30710e+04
 2.30710e+04
 2.30710e+04
 2.30710e+04
 2.30710e+04
 2.30710e+04
 2.30292e+04
 2.30710e+04
 2.30710e+04
 2.30710e+04
 2.30292e+04
 2.30710e+04
 2.30292e+04
 2.30710e+04
 2.30710e+04
 2.30710e+04
 2.30292e+04
 2.30710e+04
 2.30710e+04
 2.30710e+04
 2.30710e+04
 2.30501e+04
 2.30710e+04
 2.30710e+04
 2.30710e+04
 2.30710e+04
 2.30710e+04
 2.30710e+04
 2.30710e+04
 2.30710e+04
 2.30710e+04
 2.30710e+04
 2.30710e+04
 2.30710e+04
 2.30710e+04
 2.30710e+04
 2.30710e+04
 2.30710e+04
 2.30710e+04
 2.30710e+04
 2.30710e+04
 2.30710e+04
 2.30710e+04
 2.30710e+04
 2.30710e+04
 2.30710e+04
 2.30710e+04
 2.30710e+04
 2.30710e+04
 2.30710e+04
 2.30710e+04
 2.30710e+04
 2.30710e+04
 2.30710e+04
 2.30710e+04
 2.30710e+04
 2.30710e+04
 2.30710e+04
 2.30710e+04
 2.30710e+04
 2.30710e+04
 2.30710e+04
 2.30710e+04
 2.30988e+04
 2.30988e+04
 2.30988e+04
 2.30988e+04
 2.30988e+04
 2.30988e+04
 2.30988e+04
 2.30988e+04
 2.30988e+04
 2.30988e+04
 2.30988e+04
 2.30988e+04
 2.30988e+04
 2.30988e+04
 2.30988e+04
 2.30988e+04
 2.30988e+04
 2.30988e+04
 2.30988e+04
 2.30988e+04
 2.30988e+04
 2.30988e+04
 2.30988e+04
 2.30988e+04
 2.30988e+04
 2.30988e+04
 2.30988e+04
 2.30988e+04
 2.30988e+04
 2.30849e+04
 2.30988e+04
 2.30988e+04
 2.30988e+04
 2.30988e+04
 2.30988e+04
 2.30988e+04
 2.30988e+04
 2.30988e+04
 2.30988e+04
 2.30988e+04
 2.30849e+04
 2.30988e+04
 2.30988e+04
 2.30988e+04
 2.30988e+04
 2.30988e+04
 2.30988e+04
 2.30988e+04
 2.30988e+04
 2.30988e+04
 2.30988e+04
 2.30988e+04
 2.30988e+04
 2.30988e+04
 2.30988e+04
 2.30988e+04
 2.30988e+04
 2.30988e+04
 2.30988e+04
 2.30988e+04
 2.30988e+04
 2.30988e+04
 2.30849e+04
 2.30988e+04
 2.30988e+04
 2.30988e+04
 2.30988e+04
 2.30988e+04
 2.30988e+04
 2.30849e+04
 2.30849e+04
 2.30988e+04
 2.30988e+04
 2.30988e+04
 2.30849e+04
 2.30988e+04
 2.30988e+04
 2.30988e+04
 2.30988e+04
 2.30988e+04
 2.30988e+04
 2.30988e+04
 2.30919e+04
 2.30988e+04
 2.30988e+04
 2.30988e+04
 2.30988e+04
 2.30988e+04
 2.30988e+04
 2.30988e+04
 2.30988e+04
 2.30988e+04
 2.30988e+04
 2.30988e+04
 2.30988e+04
 2.30988e+04
 2.30988e+04
 2.30988e+04
 2.30988e+04
 2.30988e+04
 2.30988e+04
 2.30988e+04
 2.30988e+04
 2.30988e+04
 2.30988e+04
 2.30988e+04
 2.30988e+04
 2.30988e+04
 2.30988e+04
 2.30988e+04
 2.30988e+04
 2.30988e+04
 2.30988e+04
 2.30710e+04
 2.30710e+04
 2.30710e+04
 2.30710e+04
 2.30710e+04
 2.30710e+04
 2.30710e+04
 2.30710e+04
 2.30710e+04
 2.30710e+04
 2.30710e+04
 2.30710e+04
 2.30710e+04
 2.30710e+04
 2.30710e+04
 2.30710e+04
 2.30710e+04
 2.30710e+04
 2.30710e+04
 2.30710e+04
 2.30710e+04
 2.30710e+04
 2.30710e+04
 2.30710e+04
 2.30710e+04
 2.30710e+04
 2.30710e+04
 2.30710e+04
 2.30710e+04
 2.30710e+04
 2.30710e+04
 2.30710e+04
 2.30710e+04
 2.30710e+04
 2.30710e+04
 2.30710e+04
 2.30710e+04
 2.30710e+04
 2.30710e+04
 2.30710e+04
 2.30710e+04
 2.30710e+04
 2.30710e+04
 2.30710e+04
 2.30710e+04
 2.30710e+04
 2.30710e+04
 2.30710e+04
 2.30710e+04
 2.30710e+04
 2.30710e+04
 2.30710e+04
 2.30710e+04
 2.30710e+04
 2.30710e+04
 2.30710e+04
 2.30710e+04
 2.30710e+04
 2.30710e+04
 2.30710e+04
 2.30710e+04
 2.30710e+04
 2.30710e+04
 2.30710e+04
 2.30710e+04
 2.30710e+04
 2.30710e+04
 2.30710e+04
 2.30710e+04
 2.30710e+04
 2.30710e+04
 2.30710e+04
 2.30710e+04
 2.30710e+04
 2.30710e+04
 2.30710e+04
 2.30710e+04
 2.30710e+04
 2.30710e+04
 2.30869e+04
 2.30710e+04
 2.30710e+04
 2.30710e+04
 2.30710e+04
 2.30710e+04
 2.30710e+04
 2.30710e+04
 2.30710e+04
 2.30710e+04
 2.30710e+04
 2.30710e+04
 2.30710e+04
 2.30710e+04
 2.30710e+04
 2.30710e+04
 2.30710e+04
 2.30710e+04
 2.30710e+04
 2.30710e+04
 2.30710e+04
 2.30710e+04
 2.30710e+04
 2.30710e+04
 2.30710e+04
 2.30710e+04
 2.30710e+04
 2.30710e+04
 2.30710e+04
 2.29875e+04
 2.29875e+04
 2.29875e+04
 2.29875e+04
 2.29875e+04
 2.29875e+04
 2.29875e+04
 2.29875e+04
 2.29875e+04
 2.29875e+04
 2.29875e+04
 2.29875e+04
 2.29875e+04
 2.29875e+04
 2.29875e+04
 2.29875e+04
 2.29875e+04
 2.29875e+04
 2.29875e+04
 2.29875e+04
 2.29875e+04
 2.29875e+04
 2.30292e+04
 2.29875e+04
 2.29875e+04
 2.29875e+04
 2.29875e+04
 2.29875e+04
 2.29875e+04
 2.29875e+04
 2.29875e+04
 2.29875e+04
 2.29875e+04
 2.29875e+04
 2.29875e+04
 2.29875e+04
 2.29875e+04
 2.29875e+04
 2.29875e+04
 2.29875e+04
 2.29875e+04
 2.29875e+04
 2.29875e+04
 2.29875e+04
 2.29875e+04
 2.29875e+04
 2.29875e+04
 2.29875e+04
 2.29875e+04
 2.29875e+04
 2.29875e+04
 2.29875e+04
 2.29875e+04
 2.29875e+04
 2.29875e+04
 2.29875e+04
 2.29875e+04
 2.29875e+04
 2.29875e+04
 2.29875e+04
 2.29875e+04
 2.29875e+04
 2.29875e+04
 2.29875e+04
 2.29875e+04
 2.29875e+04
 2.29875e+04
 2.29875e+04
 2.29875e+04
 2.29875e+04
 2.29875e+04
 2.29875e+04
 2.29875e+04
 2.29875e+04
 2.29875e+04
 2.29875e+04
 2.29875e+04
 2.29875e+04
 2.29875e+04
 2.29875e+04
 2.29875e+04
 2.29875e+04
 2.29875e+04
 2.29875e+04
 2.29875e+04
 2.29875e+04
 2.29875e+04
 2.29875e+04
 2.29875e+04
 2.29875e+04
 2.29875e+04
 2.29875e+04
 2.29875e+04
 2.29875e+04
 2.29875e+04
 2.29875e+04
 2.29875e+04
 2.29875e+04
 2.29875e+04
 2.29875e+04
 2.29875e+04
 2.29875e+04
 2.29875e+04
 2.29875e+04
 2.29875e+04
 2.28483e+04
 2.28483e+04
 2.28483e+04
 2.28483e+04
 2.28483e+04
 2.28483e+04
 2.28483e+04
 2.28483e+04
 2.28483e+04
 2.28483e+04
 2.28483e+04
 2.28483e+04
 2.28483e+04
 2.28483e+04
 2.28483e+04
 2.28483e+04
 2.28483e+04
 2.28483e+04
 2.28483e+04
 2.28483e+04
 2.28483e+04
 2.28483e+04
 2.28483e+04
 2.28483e+04
 2.29179e+04
 2.28483e+04
 2.28483e+04
 2.28483e+04
 2.28483e+04
 2.28483e+04
 2.28483e+04
 2.28483e+04
 2.28483e+04
 2.28483e+04
 2.28483e+04
 2.28483e+04
 2.28483e+04
 2.28483e+04
 2.28483e+04
 2.28483e+04
 2.28483e+04
 2.28483e+04
 2.28483e+04
 2.28483e+04
 2.28483e+04
 2.28483e+04
 2.28483e+04
 2.28483e+04
 2.28483e+04
 2.28483e+04
 2.28483e+04
 2.28483e+04
 2.28483e+04
 2.28483e+04
 2.28483e+04
 2.28483e+04
 2.28483e+04
 2.28483e+04
 2.28483e+04
 2.28483e+04
 2.28483e+04
 2.28483e+04
 2.28483e+04
 2.28483e+04
 2.28483e+04
 2.28483e+04
 2.28483e+04
 2.28483e+04
 2.28483e+04
 2.28483e+04
 2.28483e+04
 2.28483e+04
 2.28483e+04
 2.28483e+04
 2.28483e+04
 2.28483e+04
 2.28483e+04
 2.28483e+04
 2.28483e+04
 2.28483e+04
 2.28483e+04
 2.29080e+04
 2.28483e+04
 2.28483e+04
 2.28483e+04
 2.28483e+04
 2.28483e+04
 2.28483e+04
 2.28483e+04
 2.28483e+04
 2.28483e+04
 2.28483e+04
 2.28483e+04
 2.28483e+04
 2.28483e+04
 2.28483e+04
 2.28483e+04
 2.28483e+04
 2.28483e+04
 2.28483e+04
 2.28483e+04
 2.28483e+04
 2.28483e+04
 2.28483e+04
 2.28483e+04
 2.28483e+04
 2.28483e+04
 2.28483e+04
 2.26534e+04
 2.26534e+04
 2.26534e+04
 2.26534e+04
 2.26534e+04
 2.26534e+04
 2.26534e+04
 2.26534e+04
 2.26534e+04
 2.26534e+04
 2.26534e+04
 2.26534e+04
 2.26534e+04
 2.26534e+04
 2.26534e+04
 2.26534e+04
 2.26534e+04
 2.26534e+04
 2.26534e+04
 2.26534e+04
 2.26534e+04
 2.26534e+04
 2.26534e+04
 2.26534e+04
 2.26534e+04
 2.26534e+04
 2.26534e+04
 2.26534e+04
 2.26534e+04
 2.26534e+04
 2.26534e+04
 2.26534e+04
 2.26534e+04
 2.26534e+04
 2.26534e+04
 2.26534e+04
 2.26534e+04
 2.26534e+04
 2.26534e+04
 2.26534e+04
 2.26534e+04
 2.26534e+04
 2.26534e+04
 2.26534e+04
 2.26534e+04
 2.26534e+04
 2.26534e+04
 2.26534e+04
 2.26534e+04
 2.26534e+04
 2.26534e+04
 2.26534e+04
 2.26534e+04
 2.26534e+04
 2.26534e+04
 2.26534e+04
 2.26534e+04
 2.26534e+04
 2.26534e+04
 2.26534e+04
 2.26534e+04
 2.26534e+04
 2.26534e+04
 2.26534e+04
 2.26534e+04
 2.26534e+04
 2.26534e+04
 2.26534e+04
 2.26534e+04
 2.26534e+04
 2.26534e+04
 2.26534e+04
 2.26534e+04
 2.26534e+04
 2.26534e+04
 2.27996e+04
 2.26534e+04
 2.26534e+04
 2.26534e+04
 2.26534e+04
 2.26534e+04
 2.26534e+04
 2.26534e+04
 2.26534e+04
 2.26534e+04
 2.26534e+04
 2.26534e+04
 2.26534e+04
 2.26534e+04
 2.26534e+04
 2.26534e+04
 2.26534e+04
 2.26534e+04
 2.26534e+04
 2.26534e+04
 2.26534e+04
 2.26534e+04
 2.26534e+04
 2.26534e+04
 2.26534e+04
 2.26534e+04
 2.26534e+04
 2.26534e+04
 2.26534e+04
 2.26534e+04
 2.26534e+04
 2.26534e+04
 2.26534e+04
 2.26534e+04
 6.34530e+05
 6.34530e+05
 6.34530e+05
 6.34530e+05
 6.34530e+05
 6.34530e+05
 6.34530e+05
 6.34530e+05
 6.34530e+05
 6.34530e+05
 6.34530e+05
 6.34530e+05
 6.34530e+05
 6.34530e+05
 6.34530e+05
 6.34530e+05
 6.34530e+05
 6.34530e+05
 6.34530e+05
 6.34530e+05
 6.34530e+05
 6.34530e+05
 6.34530e+05
 6.34530e+05
 6.34530e+05
 6.34530e+05
 6.34530e+05
 6.34530e+05
 6.34530e+05
 6.34530e+05
 6.34530e+05
 6.34530e+05
 6.34530e+05
 6.34530e+05
 6.34530e+05
 6.34530e+05
 6.34530e+05
 6.34530e+05
 3.28592e+05
 6.34530e+05
 6.34530e+05
 6.34530e+05
 6.34530e+05
 6.34530e+05
 6.34530e+05
 6.34530e+05
 6.34530e+05
 6.34530e+05
 6.34530e+05
 6.34530e+05
 6.34530e+05
 6.34530e+05
 6.34530e+05
 6.34530e+05
 6.34530e+05
 6.34530e+05
 6.34530e+05
 6.34530e+05
 6.34530e+05
 6.34530e+05
 6.34530e+05
 6.34530e+05
 6.34530e+05
 6.34530e+05
 6.34530e+05
 3.28592e+05
 6.34530e+05
 6.34530e+05
 6.34530e+05
 6.34530e+05
 6.34530e+05
 6.34530e+05
 6.34530e+05
 4.81561e+05
 6.34530e+05
 6.34530e+05
 6.34530e+05
 6.34530e+05
 6.34530e+05
 6.34530e+05
 6.34530e+05
 6.34530e+05
 6.34530e+05
 6.34530e+05
 6.34530e+05
 6.34530e+05
 6.34530e+05
 6.34530e+05
 6.34530e+05
 6.34530e+05
 6.34530e+05
 6.34530e+05
 6.34530e+05
 6.34530e+05
 6.34530e+05
 6.34530e+05
 6.34530e+05
 6.34530e+05
 6.34530e+05
 6.34530e+05
 6.34530e+05
 6.34530e+05
 6.34530e+05
 6.34530e+05
 6.34530e+05
 6.34530e+05
 6.34530e+05
 6.23259e+05
 0.00000e+00
 0.00000e+00
 0.00000e+00
 0.00000e+00
 0.00000e+00
 0.00000e+00
 0.00000e+00
 0.00000e+00
 0.00000e+00
 0.00000e+00
 0.00000e+00
 0.00000e+00
 0.00000e+00
 0.00000e+00
 0.00000e+00
 0.00000e+00
 0.00000e+00
 0.00000e+00
 0.00000e+00
 0.00000e+00
 0.00000e+00
 0.00000e+00
 0.00000e+00
 0.00000e+00
 0.00000e+00
 6.25695e-26
 3.08402e-25
 0.00000e+00
 0.00000e+00
 0.00000e+00
 0.00000e+00
 0.00000e+00
 0.00000e+00
 0.00000e+00
 0.00000e+00
 1.46610e-24
 0.00000e+00
 0.00000e+00
 3.17265e+05
-2.45832e-25
 0.00000e+00
 0.00000e+00
 0.00000e+00
 0.00000e+00
 0.00000e+00
 0.00000e+00
 0.00000e+00
 0.00000e+00
 0.00000e+00
 0.00000e+00
 0.00000e+00
 0.00000e+00
 0.00000e+00
 0.00000e+00
 0.00000e+00
 0.00000e+00
 0.00000e+00
 0.00000e+00
 0.00000e+00
 0.00000e+00
 0.00000e+00
 0.00000e+00
 0.00000e+00
 0.00000e+00
 0.00000e+00
 0.00000e+00
 9.16314e-26
 0.00000e+00
 3.17265e+05
 2.90092e-24
-2.86963e-24
 0.00000e+00
 0.00000e+00
 0.00000e+00
 0.00000e+00
 0.00000e+00
 0.00000e+00
 0.00000e+00
 0.00000e+00
 0.00000e+00
 0.00000e+00
 0.00000e+00
 0.00000e+00
 2.96349e-24
 0.00000e+00
 0.00000e+00
 0.00000e+00
 0.00000e+00
 1.34541e-24
 0.00000e+00
 6.23259e+05
 0.00000e+00
 0.00000e+00
 0.00000e+00
 0.00000e+00
 0.00000e+00
 0.00000e+00
 0.00000e+00
 0.00000e+00
 0.00000e+00
 0.00000e+00
 0.00000e+00
 0.00000e+00
 0.00000e+00
 0.00000e+00
 0.00000e+00
 0.00000e+00
