scalar
part
         1
coordinates
 1.62276e+05
 1.77949e+05
 1.77949e+05
 1.97563e-11
 1.77949e+05
 1.97563e-11
 1.77949e+05
 1.97563e-11
-3.23117e-27
 1.77949e+05
 1.97563e-11
 1.77949e+05
 1.97563e-11
 1.77949e+05
 1.97563e-11
 3.23117e-27
 1.77949e+05
 1.97563e-11
 1.77949e+05
 0.00000e+00
 0.00000e+00
 1.77949e+05
 1.97563e-11
 1.77949e+05
 0.00000e+00
 1.77949e+05
 1.97563e-11
 1.77949e+05
 0.00000e+00
 1.77949e+05
 1.77949e+05
 1.97563e-11
-5.22668e-26
 1.77949e+05
 1.97563e-11
 1.77949e+05
 1.97563e-11
 1.77949e+05
-4.06520e-26
 1.77949e+05
 1.77949e+05
 1.77949e+05
 1.77949e+05
 1.97563e-11
 1.77949e+05
 1.97563e-11
 1.77949e+05
 1.97563e-11
 1.77949e+05
 1.97563e-11
 1.77949e+05
 0.00000e+00
 1.77949e+05
 1.62276e+05
 1.77949e+05
 1.77949e+05
 1.77949e+05
 1.77949e+05
 1.77949e+05
 1.77949e+05
 1.77949e+05
 1.77949e+05
 1.77949e+05
 1.77949e+05
 1.77949e+05
 1.77949e+05
 1.77949e+05
 1.77949e+05
 1.77949e+05
 1.77949e+05
 1.77949e+05
 1.77949e+05
 1.77949e+05
 1.77949e+05
 1.77949e+05
 1.77949e+05
 1.77949e+05
 1.77949e+05
 1.77949e+05
 1.77949e+05
 1.77949e+05
 1.77949e+05
 1.62276e+05
 0.00000e+00
 0.00000e+00
 0.00000e+00
 0.00000e+00
 0.00000e+00
 0.00000e+00
 0.00000e+00
 0.00000e+00
 0.00000e+00
 0.00000e+00
 0.00000e+00
 0.00000e+00
 0.00000e+00
 0.00000e+00
 0.00000e+00
 0.00000e+00
-5.22668e-26
 0.00000e+00
 0.00000e+00
 0.00000e+00
-3.84586e-26
 0.00000e+00
 0.00000e+00
 0.00000e+00
 0.00000e+00
 1.62276e+05
