scalar
part
         1
coordinates
 6.14775e+05
 6.27667e+05
 6.27667e+05
 0.00000e+00
 6.27667e+05
 0.00000e+00
 6.27667e+05
 0.00000e+00
 6.27667e+05
 0.00000e+00
 6.27667e+05
 0.00000e+00
 6.27667e+05
 0.00000e+00
 1.39370e-10
 6.27667e+05
 0.00000e+00
 6.27667e+05
 0.00000e+00
 6.27667e+05
 0.00000e+00
 6.27667e+05
 0.00000e+00
 6.27667e+05
 0.00000e+00
 6.27667e+05
 0.00000e+00
 6.27667e+05
 0.00000e+00
 6.27667e+05
 0.00000e+00
 6.27667e+05
 0.00000e+00
 6.27667e+05
 0.00000e+00
 6.27667e+05
 0.00000e+00
 6.27667e+05
 0.00000e+00
 6.27667e+05
 0.00000e+00
 0.00000e+00
 6.27667e+05
 0.00000e+00
 6.27667e+05
 0.00000e+00
 6.27667e+05
 0.00000e+00
 6.27667e+05
 0.00000e+00
 6.27667e+05
 6.18928e-26
 2.42486e-25
 6.27667e+05
 6.27667e+05
 0.00000e+00
 6.27667e+05
 6.96850e-11
 6.27667e+05
 0.00000e+00
 6.27667e+05
 0.00000e+00
 6.27667e+05
-1.39370e-10
 6.27667e+05
 0.00000e+00
 6.27667e+05
 6.27667e+05
 0.00000e+00
 1.62534e-24
 6.27667e+05
 3.13834e+05
 1.39370e-10
 0.00000e+00
 6.27667e+05
 6.27667e+05
 2.09055e-10
 6.27667e+05
 0.00000e+00
 6.27667e+05
 0.00000e+00
 6.27667e+05
 0.00000e+00
 6.27667e+05
 0.00000e+00
 6.27667e+05
 0.00000e+00
 6.27667e+05
 0.00000e+00
 6.27667e+05
 0.00000e+00
 6.27667e+05
 0.00000e+00
 6.27667e+05
-1.39370e-10
 6.27667e+05
 0.00000e+00
 6.27667e+05
 0.00000e+00
 6.27667e+05
 2.09055e-10
 6.27667e+05
 0.00000e+00
 6.27667e+05
 0.00000e+00
 6.27667e+05
 2.09222e+05
 0.00000e+00
 6.27667e+05
 6.27667e+05
-1.39370e-10
 6.27667e+05
 0.00000e+00
 6.27667e+05
 0.00000e+00
 3.13834e+05
-1.39370e-10
 6.27667e+05
 0.00000e+00
 6.96850e-11
 6.27667e+05
 0.00000e+00
 6.27667e+05
 0.00000e+00
 6.27667e+05
 0.00000e+00
 6.27667e+05
 0.00000e+00
 6.27667e+05
 6.27667e+05
 3.13834e+05
 6.27667e+05
 0.00000e+00
-3.09464e-26
 6.27667e+05
 2.94884e-24
-2.85854e-24
 3.13834e+05
-1.39370e-10
 6.27667e+05
 6.27667e+05
 0.00000e+00
 6.27667e+05
 3.13834e+05
-1.39370e-10
 6.27667e+05
 0.00000e+00
 6.27667e+05
 0.00000e+00
 1.56917e+05
-1.39370e-10
 6.27667e+05
 6.27667e+05
 0.00000e+00
 6.27667e+05
 0.00000e+00
 6.27667e+05
 0.00000e+00
 2.69000e+05
 0.00000e+00
 2.69000e+05
 0.00000e+00
 6.27667e+05
 6.27667e+05
 0.00000e+00
 6.27667e+05
 2.79919e-24
 6.27667e+05
 6.27667e+05
 0.00000e+00
 0.00000e+00
 6.27667e+05
 0.00000e+00
 6.27667e+05
 0.00000e+00
 6.27667e+05
-6.96850e-10
 0.00000e+00
 6.27667e+05
 6.27667e+05
 6.14775e+05
 6.27667e+05
 6.27667e+05
 6.27667e+05
 0.00000e+00
 6.27667e+05
-1.39370e-10
 6.27667e+05
 0.00000e+00
 6.27667e+05
 0.00000e+00
 6.27667e+05
 6.27667e+05
 0.00000e+00
 6.27667e+05
 0.00000e+00
 6.27667e+05
 6.27667e+05
 0.00000e+00
 6.27667e+05
 6.27667e+05
 6.27667e+05
 6.27667e+05
 0.00000e+00
 6.27667e+05
-1.39370e-10
-1.39370e-10
 6.27667e+05
 0.00000e+00
 6.27667e+05
 0.00000e+00
 6.27667e+05
 6.27667e+05
 6.27667e+05
 6.27667e+05
 6.27667e+05
 6.27667e+05
 0.00000e+00
 6.27667e+05
-1.39370e-10
 6.27667e+05
 0.00000e+00
 6.27667e+05
 0.00000e+00
 6.27667e+05
-1.39370e-10
 6.27667e+05
 0.00000e+00
 2.59467e+04
 2.59467e+04
 2.59467e+04
 2.59467e+04
 2.59467e+04
 2.59467e+04
 2.59467e+04
 2.59467e+04
 2.59467e+04
 2.59467e+04
 2.59467e+04
 2.59467e+04
 2.59467e+04
 2.59467e+04
 2.59467e+04
 2.59467e+04
 2.59467e+04
 2.59467e+04
 2.59467e+04
 2.59467e+04
 2.59467e+04
 3.26807e+05
 2.59467e+04
 2.59467e+04
 2.59467e+04
 2.59467e+04
 2.59467e+04
 2.59467e+04
 2.59467e+04
 3.26807e+05
 2.59467e+04
 2.59467e+04
 2.59467e+04
 3.26807e+05
 2.59467e+04
 2.59467e+04
 2.59467e+04
 2.59467e+04
 2.59467e+04
 2.59467e+04
 2.59467e+04
 2.59467e+04
 2.59467e+04
 2.59467e+04
 2.59467e+04
 2.59467e+04
 2.59467e+04
 2.59467e+04
 2.59467e+04
 2.59467e+04
 2.59467e+04
 2.59467e+04
 2.59467e+04
 2.59467e+04
 2.59467e+04
 2.59467e+04
 2.26520e+05
 2.59467e+04
 2.59467e+04
 2.59467e+04
 2.59467e+04
 3.26807e+05
 2.59467e+04
 2.59467e+04
 3.26807e+05
 2.59467e+04
 2.59467e+04
 4.27094e+05
 2.59467e+04
 3.26807e+05
 3.26807e+05
 2.59467e+04
 2.59467e+04
 3.26807e+05
 2.59467e+04
 2.59467e+04
 3.26807e+05
 2.59467e+04
 2.59467e+04
 2.59467e+04
 1.76377e+05
 2.59467e+04
 2.59467e+04
 2.59467e+04
 2.59467e+04
 2.83827e+05
 2.59467e+04
 2.83827e+05
 2.59467e+04
 2.59467e+04
 2.59467e+04
 2.59467e+04
 2.59467e+04
 2.59467e+04
 2.59467e+04
 2.59467e+04
 2.59467e+04
 2.59467e+04
 2.59467e+04
 2.59467e+04
 2.59467e+04
 2.59467e+04
 2.59467e+04
 2.59467e+04
 2.59467e+04
 2.59467e+04
 2.59467e+04
 2.59467e+04
 2.59467e+04
 2.59467e+04
 2.59467e+04
 2.59467e+04
 2.59467e+04
 2.59467e+04
 2.59467e+04
 2.59467e+04
 2.59467e+04
 2.59467e+04
 2.59467e+04
 2.62295e+04
 2.62295e+04
 2.62295e+04
 2.62295e+04
 2.62295e+04
 2.62295e+04
 2.62295e+04
 2.62295e+04
 2.62295e+04
 2.62295e+04
 2.62295e+04
 2.62295e+04
 2.62295e+04
 2.62295e+04
 2.62295e+04
 2.62295e+04
 2.62295e+04
 2.62295e+04
 2.62295e+04
 2.62295e+04
 2.62295e+04
 2.62295e+04
 2.62295e+04
 2.62295e+04
 2.60881e+04
 2.62295e+04
 2.62295e+04
 2.62295e+04
 2.62295e+04
 2.62295e+04
 2.62295e+04
 2.62295e+04
 2.62295e+04
 2.62295e+04
 2.62295e+04
 2.62295e+04
 2.62295e+04
 2.62295e+04
 2.62295e+04
 2.62295e+04
 2.62295e+04
 2.62295e+04
 2.62295e+04
 2.62295e+04
 2.62295e+04
 2.62295e+04
 2.62295e+04
 2.62295e+04
 2.62295e+04
 2.62295e+04
 2.62295e+04
 2.62295e+04
 2.62295e+04
 2.62295e+04
 2.62295e+04
 2.62295e+04
 2.62295e+04
 2.62295e+04
 2.62295e+04
 2.62295e+04
 2.62295e+04
 2.62295e+04
 2.62295e+04
 2.62295e+04
 2.62295e+04
 2.62295e+04
 2.62295e+04
 2.62295e+04
 2.60881e+04
 2.62295e+04
 2.62295e+04
 2.62295e+04
 2.62295e+04
 2.62295e+04
 2.62295e+04
 2.62295e+04
 2.62295e+04
 2.62295e+04
 2.62295e+04
 2.62295e+04
 2.62295e+04
 2.62295e+04
 2.62295e+04
 2.62295e+04
 2.62295e+04
 2.62295e+04
 2.62295e+04
 2.62295e+04
 2.62295e+04
 2.62295e+04
 2.62295e+04
 2.62295e+04
 2.62295e+04
 2.62295e+04
 2.62295e+04
 2.62295e+04
 2.62295e+04
 2.62295e+04
 2.62295e+04
 2.62295e+04
 2.62295e+04
 2.62295e+04
 2.62295e+04
 2.62295e+04
 2.62295e+04
 2.62295e+04
 2.62295e+04
 2.62295e+04
 2.64314e+04
 2.64314e+04
 2.64314e+04
 2.64314e+04
 2.64314e+04
 2.64314e+04
 2.64314e+04
 2.64314e+04
 2.64314e+04
 2.64314e+04
 2.64314e+04
 2.64314e+04
 2.64314e+04
 2.64314e+04
 2.64314e+04
 2.64314e+04
 2.64314e+04
 2.64314e+04
 2.64314e+04
 2.64314e+04
 2.63304e+04
 2.64314e+04
 2.64314e+04
 2.64314e+04
 2.64314e+04
 2.64314e+04
 2.64314e+04
 2.64314e+04
 2.64314e+04
 2.64314e+04
 2.63304e+04
 2.64314e+04
 2.64314e+04
 2.64314e+04
 2.64314e+04
 2.64314e+04
 2.64314e+04
 2.64314e+04
 2.64314e+04
 2.64314e+04
 2.64314e+04
 2.64314e+04
 2.64314e+04
 2.64314e+04
 2.64314e+04
 2.64314e+04
 2.64314e+04
 2.64314e+04
 2.64314e+04
 2.64314e+04
 2.64314e+04
 2.64314e+04
 2.64314e+04
 2.64314e+04
 2.64314e+04
 2.63304e+04
 2.64314e+04
 2.64314e+04
 2.64314e+04
 2.64314e+04
 2.63304e+04
 2.64314e+04
 2.64314e+04
 2.64314e+04
 2.64314e+04
 2.64314e+04
 2.64314e+04
 2.62800e+04
 2.64314e+04
 2.64314e+04
 2.64314e+04
 2.64314e+04
 2.64314e+04
 2.64314e+04
 2.64314e+04
 2.64314e+04
 2.64314e+04
 2.64314e+04
 2.64314e+04
 2.64314e+04
 2.64314e+04
 2.64314e+04
 2.64314e+04
 2.64314e+04
 2.64314e+04
 2.64314e+04
 2.64314e+04
 2.64314e+04
 2.64314e+04
 2.64314e+04
 2.64314e+04
 2.64314e+04
 2.64314e+04
 2.64314e+04
 2.64314e+04
 2.64314e+04
 2.64314e+04
 2.64314e+04
 2.64314e+04
 2.64314e+04
 2.64314e+04
 2.64314e+04
 2.64314e+04
 2.64314e+04
 2.64314e+04
 2.64314e+04
 2.64314e+04
 2.64314e+04
 2.64314e+04
 2.65524e+04
 2.65524e+04
 2.65524e+04
 2.65524e+04
 2.65524e+04
 2.65524e+04
 2.65524e+04
 2.65524e+04
 2.65524e+04
 2.65524e+04
 2.65524e+04
 2.65524e+04
 2.65524e+04
 2.65524e+04
 2.65524e+04
 2.65524e+04
 2.65524e+04
 2.65524e+04
 2.64919e+04
 2.65524e+04
 2.65524e+04
 2.65524e+04
 2.65524e+04
 2.65524e+04
 2.65524e+04
 2.65524e+04
 2.65524e+04
 2.65524e+04
 2.65524e+04
 2.65524e+04
 2.64919e+04
 2.65524e+04
 2.65524e+04
 2.65524e+04
 2.65524e+04
 2.65524e+04
 2.65524e+04
 2.65524e+04
 2.65524e+04
 2.65524e+04
 2.65524e+04
 2.65524e+04
 2.65524e+04
 2.65524e+04
 2.65524e+04
 2.65524e+04
 2.65524e+04
 2.65524e+04
 2.65524e+04
 2.65524e+04
 2.65524e+04
 2.65524e+04
 2.65524e+04
 2.65524e+04
 2.65524e+04
 2.65524e+04
 2.65524e+04
 2.65524e+04
 2.65524e+04
 2.65524e+04
 2.65524e+04
 2.65524e+04
 2.65524e+04
 2.64919e+04
 2.65524e+04
 2.65524e+04
 2.65524e+04
 2.64919e+04
 2.65524e+04
 2.64919e+04
 2.65524e+04
 2.65524e+04
 2.65524e+04
 2.64919e+04
 2.65524e+04
 2.65524e+04
 2.65524e+04
 2.65524e+04
 2.65222e+04
 2.65524e+04
 2.65524e+04
 2.65524e+04
 2.65524e+04
 2.65524e+04
 2.65524e+04
 2.65524e+04
 2.65524e+04
 2.65524e+04
 2.65524e+04
 2.65524e+04
 2.65524e+04
 2.65524e+04
 2.65524e+04
 2.65524e+04
 2.65524e+04
 2.65524e+04
 2.65524e+04
 2.65524e+04
 2.65524e+04
 2.65524e+04
 2.65524e+04
 2.65524e+04
 2.65524e+04
 2.65524e+04
 2.65524e+04
 2.65524e+04
 2.65524e+04
 2.65524e+04
 2.65524e+04
 2.65524e+04
 2.65524e+04
 2.65524e+04
 2.65524e+04
 2.65524e+04
 2.65524e+04
 2.65524e+04
 2.65524e+04
 2.65524e+04
 2.65524e+04
 2.65524e+04
 2.65928e+04
 2.65928e+04
 2.65928e+04
 2.65928e+04
 2.65928e+04
 2.65928e+04
 2.65928e+04
 2.65928e+04
 2.65928e+04
 2.65928e+04
 2.65928e+04
 2.65928e+04
 2.65928e+04
 2.65928e+04
 2.65928e+04
 2.65928e+04
 2.65928e+04
 2.65928e+04
 2.65928e+04
 2.65928e+04
 2.65928e+04
 2.65928e+04
 2.65928e+04
 2.65928e+04
 2.65928e+04
 2.65928e+04
 2.65928e+04
 2.65928e+04
 2.65928e+04
 2.65726e+04
 2.65928e+04
 2.65928e+04
 2.65928e+04
 2.65928e+04
 2.65928e+04
 2.65928e+04
 2.65928e+04
 2.65928e+04
 2.65928e+04
 2.65928e+04
 2.65726e+04
 2.65928e+04
 2.65928e+04
 2.65928e+04
 2.65928e+04
 2.65928e+04
 2.65928e+04
 2.65928e+04
 2.65928e+04
 2.65928e+04
 2.65928e+04
 2.65928e+04
 2.65928e+04
 2.65928e+04
 2.65928e+04
 2.65928e+04
 2.65928e+04
 2.65928e+04
 2.65928e+04
 2.65928e+04
 2.65928e+04
 2.65928e+04
 2.65726e+04
 2.65928e+04
 2.65928e+04
 2.65928e+04
 2.65928e+04
 2.65928e+04
 2.65928e+04
 2.65726e+04
 2.65726e+04
 2.65928e+04
 2.65928e+04
 2.65928e+04
 2.65726e+04
 2.65928e+04
 2.65928e+04
 2.65928e+04
 2.65928e+04
 2.65928e+04
 2.65928e+04
 2.65928e+04
 2.65827e+04
 2.65928e+04
 2.65928e+04
 2.65928e+04
 2.65928e+04
 2.65928e+04
 2.65928e+04
 2.65928e+04
 2.65928e+04
 2.65928e+04
 2.65928e+04
 2.65928e+04
 2.65928e+04
 2.65928e+04
 2.65928e+04
 2.65928e+04
 2.65928e+04
 2.65928e+04
 2.65928e+04
 2.65928e+04
 2.65928e+04
 2.65928e+04
 2.65928e+04
 2.65928e+04
 2.65928e+04
 2.65928e+04
 2.65928e+04
 2.65928e+04
 2.65928e+04
 2.65928e+04
 2.65928e+04
 2.65524e+04
 2.65524e+04
 2.65524e+04
 2.65524e+04
 2.65524e+04
 2.65524e+04
 2.65524e+04
 2.65524e+04
 2.65524e+04
 2.65524e+04
 2.65524e+04
 2.65524e+04
 2.65524e+04
 2.65524e+04
 2.65524e+04
 2.65524e+04
 2.65524e+04
 2.65524e+04
 2.65524e+04
 2.65524e+04
 2.65524e+04
 2.65524e+04
 2.65524e+04
 2.65524e+04
 2.65524e+04
 2.65524e+04
 2.65524e+04
 2.65524e+04
 2.65524e+04
 2.65524e+04
 2.65524e+04
 2.65524e+04
 2.65524e+04
 2.65524e+04
 2.65524e+04
 2.65524e+04
 2.65524e+04
 2.65524e+04
 2.65524e+04
 2.65524e+04
 2.65524e+04
 2.65524e+04
 2.65524e+04
 2.65524e+04
 2.65524e+04
 2.65524e+04
 2.65524e+04
 2.65524e+04
 2.65524e+04
 2.65524e+04
 2.65524e+04
 2.65524e+04
 2.65524e+04
 2.65524e+04
 2.65524e+04
 2.65524e+04
 2.65524e+04
 2.65524e+04
 2.65524e+04
 2.65524e+04
 2.65524e+04
 2.65524e+04
 2.65524e+04
 2.65524e+04
 2.65524e+04
 2.65524e+04
 2.65524e+04
 2.65524e+04
 2.65524e+04
 2.65524e+04
 2.65524e+04
 2.65524e+04
 2.65524e+04
 2.65524e+04
 2.65524e+04
 2.65524e+04
 2.65524e+04
 2.65524e+04
 2.65524e+04
 2.65755e+04
 2.65524e+04
 2.65524e+04
 2.65524e+04
 2.65524e+04
 2.65524e+04
 2.65524e+04
 2.65524e+04
 2.65524e+04
 2.65524e+04
 2.65524e+04
 2.65524e+04
 2.65524e+04
 2.65524e+04
 2.65524e+04
 2.65524e+04
 2.65524e+04
 2.65524e+04
 2.65524e+04
 2.65524e+04
 2.65524e+04
 2.65524e+04
 2.65524e+04
 2.65524e+04
 2.65524e+04
 2.65524e+04
 2.65524e+04
 2.65524e+04
 2.65524e+04
 2.64314e+04
 2.64314e+04
 2.64314e+04
 2.64314e+04
 2.64314e+04
 2.64314e+04
 2.64314e+04
 2.64314e+04
 2.64314e+04
 2.64314e+04
 2.64314e+04
 2.64314e+04
 2.64314e+04
 2.64314e+04
 2.64314e+04
 2.64314e+04
 2.64314e+04
 2.64314e+04
 2.64314e+04
 2.64314e+04
 2.64314e+04
 2.64314e+04
 2.64919e+04
 2.64314e+04
 2.64314e+04
 2.64314e+04
 2.64314e+04
 2.64314e+04
 2.64314e+04
 2.64314e+04
 2.64314e+04
 2.64314e+04
 2.64314e+04
 2.64314e+04
 2.64314e+04
 2.64314e+04
 2.64314e+04
 2.64314e+04
 2.64314e+04
 2.64314e+04
 2.64314e+04
 2.64314e+04
 2.64314e+04
 2.64314e+04
 2.64314e+04
 2.64314e+04
 2.64314e+04
 2.64314e+04
 2.64314e+04
 2.64314e+04
 2.64314e+04
 2.64314e+04
 2.64314e+04
 2.64314e+04
 2.64314e+04
 2.64314e+04
 2.64314e+04
 2.64314e+04
 2.64314e+04
 2.64314e+04
 2.64314e+04
 2.64314e+04
 2.64314e+04
 2.64314e+04
 2.64314e+04
 2.64314e+04
 2.64314e+04
 2.64314e+04
 2.64314e+04
 2.64314e+04
 2.64314e+04
 2.64314e+04
 2.64314e+04
 2.64314e+04
 2.64314e+04
 2.64314e+04
 2.64314e+04
 2.64314e+04
 2.64314e+04
 2.64314e+04
 2.64314e+04
 2.64314e+04
 2.64314e+04
 2.64314e+04
 2.64314e+04
 2.64314e+04
 2.64314e+04
 2.64314e+04
 2.64314e+04
 2.64314e+04
 2.64314e+04
 2.64314e+04
 2.64314e+04
 2.64314e+04
 2.64314e+04
 2.64314e+04
 2.64314e+04
 2.64314e+04
 2.64314e+04
 2.64314e+04
 2.64314e+04
 2.64314e+04
 2.64314e+04
 2.64314e+04
 2.64314e+04
 2.62295e+04
 2.62295e+04
 2.62295e+04
 2.62295e+04
 2.62295e+04
 2.62295e+04
 2.62295e+04
 2.62295e+04
 2.62295e+04
 2.62295e+04
 2.62295e+04
 2.62295e+04
 2.62295e+04
 2.62295e+04
 2.62295e+04
 2.62295e+04
 2.62295e+04
 2.62295e+04
 2.62295e+04
 2.62295e+04
 2.62295e+04
 2.62295e+04
 2.62295e+04
 2.62295e+04
 2.63304e+04
 2.62295e+04
 2.62295e+04
 2.62295e+04
 2.62295e+04
 2.62295e+04
 2.62295e+04
 2.62295e+04
 2.62295e+04
 2.62295e+04
 2.62295e+04
 2.62295e+04
 2.62295e+04
 2.62295e+04
 2.62295e+04
 2.62295e+04
 2.62295e+04
 2.62295e+04
 2.62295e+04
 2.62295e+04
 2.62295e+04
 2.62295e+04
 2.62295e+04
 2.62295e+04
 2.62295e+04
 2.62295e+04
 2.62295e+04
 2.62295e+04
 2.62295e+04
 2.62295e+04
 2.62295e+04
 2.62295e+04
 2.62295e+04
 2.62295e+04
 2.62295e+04
 2.62295e+04
 2.62295e+04
 2.62295e+04
 2.62295e+04
 2.62295e+04
 2.62295e+04
 2.62295e+04
 2.62295e+04
 2.62295e+04
 2.62295e+04
 2.62295e+04
 2.62295e+04
 2.62295e+04
 2.62295e+04
 2.62295e+04
 2.62295e+04
 2.62295e+04
 2.62295e+04
 2.62295e+04
 2.62295e+04
 2.62295e+04
 2.62295e+04
 2.63160e+04
 2.62295e+04
 2.62295e+04
 2.62295e+04
 2.62295e+04
 2.62295e+04
 2.62295e+04
 2.62295e+04
 2.62295e+04
 2.62295e+04
 2.62295e+04
 2.62295e+04
 2.62295e+04
 2.62295e+04
 2.62295e+04
 2.62295e+04
 2.62295e+04
 2.62295e+04
 2.62295e+04
 2.62295e+04
 2.62295e+04
 2.62295e+04
 2.62295e+04
 2.62295e+04
 2.62295e+04
 2.62295e+04
 2.62295e+04
 2.59467e+04
 2.59467e+04
 2.59467e+04
 2.59467e+04
 2.59467e+04
 2.59467e+04
 2.59467e+04
 2.59467e+04
 2.59467e+04
 2.59467e+04
 2.59467e+04
 2.59467e+04
 2.59467e+04
 2.59467e+04
 2.59467e+04
 2.59467e+04
 2.59467e+04
 2.59467e+04
 2.59467e+04
 2.59467e+04
 2.59467e+04
 2.59467e+04
 2.59467e+04
 2.59467e+04
 2.59467e+04
 2.59467e+04
 2.59467e+04
 2.59467e+04
 2.59467e+04
 2.59467e+04
 2.59467e+04
 2.59467e+04
 2.59467e+04
 2.59467e+04
 2.59467e+04
 2.59467e+04
 2.59467e+04
 2.59467e+04
 2.59467e+04
 2.59467e+04
 2.59467e+04
 2.59467e+04
 2.59467e+04
 2.59467e+04
 2.59467e+04
 2.59467e+04
 2.59467e+04
 2.59467e+04
 2.59467e+04
 2.59467e+04
 2.59467e+04
 2.59467e+04
 2.59467e+04
 2.59467e+04
 2.59467e+04
 2.59467e+04
 2.59467e+04
 2.59467e+04
 2.59467e+04
 2.59467e+04
 2.59467e+04
 2.59467e+04
 2.59467e+04
 2.59467e+04
 2.59467e+04
 2.59467e+04
 2.59467e+04
 2.59467e+04
 2.59467e+04
 2.59467e+04
 2.59467e+04
 2.59467e+04
 2.59467e+04
 2.59467e+04
 2.59467e+04
 2.61588e+04
 2.59467e+04
 2.59467e+04
 2.59467e+04
 2.59467e+04
 2.59467e+04
 2.59467e+04
 2.59467e+04
 2.59467e+04
 2.59467e+04
 2.59467e+04
 2.59467e+04
 2.59467e+04
 2.59467e+04
 2.59467e+04
 2.59467e+04
 2.59467e+04
 2.59467e+04
 2.59467e+04
 2.59467e+04
 2.59467e+04
 2.59467e+04
 2.59467e+04
 2.59467e+04
 2.59467e+04
 2.59467e+04
 2.59467e+04
 2.59467e+04
 2.59467e+04
 2.59467e+04
 2.59467e+04
 2.59467e+04
 2.59467e+04
 2.59467e+04
 6.27667e+05
 6.27667e+05
 6.27667e+05
 6.27667e+05
 6.27667e+05
 6.27667e+05
 6.27667e+05
 6.27667e+05
 6.27667e+05
 6.27667e+05
 6.27667e+05
 6.27667e+05
 6.27667e+05
 6.27667e+05
 6.27667e+05
 6.27667e+05
 6.27667e+05
 6.27667e+05
 6.27667e+05
 6.27667e+05
 6.27667e+05
 6.27667e+05
 6.27667e+05
 6.27667e+05
 6.27667e+05
 6.27667e+05
 6.27667e+05
 6.27667e+05
 6.27667e+05
 6.27667e+05
 6.27667e+05
 6.27667e+05
 6.27667e+05
 6.27667e+05
 6.27667e+05
 6.27667e+05
 6.27667e+05
 6.27667e+05
 3.26807e+05
 6.27667e+05
 6.27667e+05
 6.27667e+05
 6.27667e+05
 6.27667e+05
 6.27667e+05
 6.27667e+05
 6.27667e+05
 6.27667e+05
 6.27667e+05
 6.27667e+05
 6.27667e+05
 6.27667e+05
 6.27667e+05
 6.27667e+05
 6.27667e+05
 6.27667e+05
 6.27667e+05
 6.27667e+05
 6.27667e+05
 6.27667e+05
 6.27667e+05
 6.27667e+05
 6.27667e+05
 6.27667e+05
 6.27667e+05
 3.26807e+05
 6.27667e+05
 6.27667e+05
 6.27667e+05
 6.27667e+05
 6.27667e+05
 6.27667e+05
 6.27667e+05
 4.77237e+05
 6.27667e+05
 6.27667e+05
 6.27667e+05
 6.27667e+05
 6.27667e+05
 6.27667e+05
 6.27667e+05
 6.27667e+05
 6.27667e+05
 6.27667e+05
 6.27667e+05
 6.27667e+05
 6.27667e+05
 6.27667e+05
 6.27667e+05
 6.27667e+05
 6.27667e+05
 6.27667e+05
 6.27667e+05
 6.27667e+05
 6.27667e+05
 6.27667e+05
 6.27667e+05
 6.27667e+05
 6.27667e+05
 6.27667e+05
 6.27667e+05
 6.27667e+05
 6.27667e+05
 6.27667e+05
 6.27667e+05
 6.27667e+05
 6.27667e+05
 6.14775e+05
 0.00000e+00
 0.00000e+00
 0.00000e+00
 0.00000e+00
 0.00000e+00
 0.00000e+00
 0.00000e+00
 0.00000e+00
 0.00000e+00
 0.00000e+00
 0.00000e+00
 0.00000e+00
 0.00000e+00
 0.00000e+00
 0.00000e+00
 0.00000e+00
 0.00000e+00
 0.00000e+00
 0.00000e+00
 0.00000e+00
 0.00000e+00
 0.00000e+00
 0.00000e+00
 0.00000e+00
 0.00000e+00
 6.18928e-26
 3.04379e-25
 0.00000e+00
 0.00000e+00
 0.00000e+00
 0.00000e+00
 0.00000e+00
 0.00000e+00
 0.00000e+00
 0.00000e+00
 1.44474e-24
 0.00000e+00
 0.00000e+00
 3.13834e+05
-2.42486e-25
 0.00000e+00
 0.00000e+00
 0.00000e+00
 0.00000e+00
 0.00000e+00
 0.00000e+00
 0.00000e+00
 0.00000e+00
 0.00000e+00
 0.00000e+00
 0.00000e+00
 0.00000e+00
 0.00000e+00
 0.00000e+00
 0.00000e+00
 0.00000e+00
 0.00000e+00
 0.00000e+00
 0.00000e+00
 0.00000e+00
 0.00000e+00
 0.00000e+00
 0.00000e+00
 0.00000e+00
 0.00000e+00
 0.00000e+00
 9.02965e-26
 0.00000e+00
 3.13834e+05
 2.85854e-24
-2.82760e-24
 0.00000e+00
 0.00000e+00
 0.00000e+00
 0.00000e+00
 0.00000e+00
 0.00000e+00
 0.00000e+00
 0.00000e+00
 0.00000e+00
 0.00000e+00
 0.00000e+00
 0.00000e+00
 2.92044e-24
 0.00000e+00
 0.00000e+00
 0.00000e+00
 0.00000e+00
 1.32604e-24
 0.00000e+00
 6.14775e+05
 0.00000e+00
 0.00000e+00
 0.00000e+00
 0.00000e+00
 0.00000e+00
 0.00000e+00
 0.00000e+00
 0.00000e+00
 0.00000e+00
 0.00000e+00
 0.00000e+00
 0.00000e+00
 0.00000e+00
 0.00000e+00
 0.00000e+00
 0.00000e+00
