scalar
part
         1
coordinates
 1.14527e+05
 2.25698e+05
 2.25698e+05
 2.50575e-11
 2.25698e+05
 2.50575e-11
 2.25698e+05
 2.50575e-11
 0.00000e+00
 2.25698e+05
 2.50575e-11
 2.25698e+05
 2.50575e-11
 2.25698e+05
 2.50575e-11
-6.46235e-27
 2.25698e+05
 2.50575e-11
 2.25698e+05
 0.00000e+00
 0.00000e+00
 2.25698e+05
 2.50575e-11
 2.25698e+05
 0.00000e+00
 2.25698e+05
 2.50575e-11
 2.25698e+05
 0.00000e+00
 2.25698e+05
 2.25698e+05
 2.50575e-11
-2.57819e-26
 2.25698e+05
 2.50575e-11
 2.25698e+05
 2.50575e-11
 2.25698e+05
-2.00526e-26
 2.25698e+05
 2.25698e+05
 2.25698e+05
 2.25698e+05
 2.50575e-11
 2.25698e+05
 2.50575e-11
 2.25698e+05
 2.50575e-11
 2.25698e+05
 2.50575e-11
 2.25698e+05
 0.00000e+00
 2.25698e+05
 1.14527e+05
 2.25698e+05
 2.25698e+05
 2.25698e+05
 2.25698e+05
 2.25698e+05
 2.25698e+05
 2.25698e+05
 2.25698e+05
 2.25698e+05
 2.25698e+05
 2.25698e+05
 2.25698e+05
 2.25698e+05
 2.25698e+05
 2.25698e+05
 2.25698e+05
 2.25698e+05
 2.25698e+05
 2.25698e+05
 2.25698e+05
 2.25698e+05
 2.25698e+05
 2.25698e+05
 2.25698e+05
 2.25698e+05
 2.25698e+05
 2.25698e+05
 2.25698e+05
 1.14527e+05
 0.00000e+00
 0.00000e+00
 0.00000e+00
 0.00000e+00
 0.00000e+00
 0.00000e+00
 0.00000e+00
 0.00000e+00
 0.00000e+00
 0.00000e+00
 0.00000e+00
 0.00000e+00
 0.00000e+00
 0.00000e+00
 0.00000e+00
 0.00000e+00
-2.57819e-26
 0.00000e+00
 0.00000e+00
 0.00000e+00
-1.72707e-26
 0.00000e+00
 0.00000e+00
 0.00000e+00
 0.00000e+00
 1.14527e+05
