scalar
part
         1
coordinates
 1.33822e+05
 2.06403e+05
 2.06403e+05
 2.29153e-11
 2.06403e+05
 2.29153e-11
 2.06403e+05
 2.29153e-11
-3.23117e-27
 2.06403e+05
 2.29153e-11
 2.06403e+05
 2.29153e-11
 2.06403e+05
 2.29153e-11
 6.46235e-27
 2.06403e+05
 2.29153e-11
 2.06403e+05
 0.00000e+00
 0.00000e+00
 2.06403e+05
 2.29153e-11
 2.06403e+05
 0.00000e+00
 2.06403e+05
 2.29153e-11
 2.06403e+05
 0.00000e+00
 2.06403e+05
 2.06403e+05
 2.29153e-11
-3.64842e-26
 2.06403e+05
 2.29153e-11
 2.06403e+05
 2.29153e-11
 2.06403e+05
-2.83766e-26
 2.06403e+05
 2.06403e+05
 2.06403e+05
 2.06403e+05
 2.29153e-11
 2.06403e+05
 2.29153e-11
 2.06403e+05
 2.29153e-11
 2.06403e+05
 2.29153e-11
 2.06403e+05
 0.00000e+00
 2.06403e+05
 1.33822e+05
 2.06403e+05
 2.06403e+05
 2.06403e+05
 2.06403e+05
 2.06403e+05
 2.06403e+05
 2.06403e+05
 2.06403e+05
 2.06403e+05
 2.06403e+05
 2.06403e+05
 2.06403e+05
 2.06403e+05
 2.06403e+05
 2.06403e+05
 2.06403e+05
 2.06403e+05
 2.06403e+05
 2.06403e+05
 2.06403e+05
 2.06403e+05
 2.06403e+05
 2.06403e+05
 2.06403e+05
 2.06403e+05
 2.06403e+05
 2.06403e+05
 2.06403e+05
 1.33822e+05
 0.00000e+00
 0.00000e+00
 0.00000e+00
 0.00000e+00
 0.00000e+00
 0.00000e+00
 0.00000e+00
 0.00000e+00
 0.00000e+00
 0.00000e+00
 0.00000e+00
 0.00000e+00
 0.00000e+00
 0.00000e+00
 0.00000e+00
 0.00000e+00
-3.64842e-26
 0.00000e+00
 0.00000e+00
 0.00000e+00
-2.58325e-26
 0.00000e+00
 0.00000e+00
 0.00000e+00
 0.00000e+00
 1.33822e+05
