scalar
part
         1
coordinates
 1.27702e+05
 2.33222e+05
 2.33222e+05
 0.00000e+00
 2.33222e+05
 0.00000e+00
 2.33222e+05
 0.00000e+00
 2.33222e+05
 0.00000e+00
 2.33222e+05
 0.00000e+00
 2.33222e+05
 0.00000e+00
 5.17857e-11
 2.33222e+05
 0.00000e+00
 2.33222e+05
 0.00000e+00
 2.33222e+05
 0.00000e+00
 2.33222e+05
 0.00000e+00
 2.33222e+05
 0.00000e+00
 2.33222e+05
 0.00000e+00
 2.33222e+05
 0.00000e+00
 2.33222e+05
 0.00000e+00
 2.33222e+05
 0.00000e+00
 2.33222e+05
 0.00000e+00
 2.33222e+05
 0.00000e+00
 2.33222e+05
 0.00000e+00
 2.33222e+05
 0.00000e+00
 0.00000e+00
 2.33222e+05
 0.00000e+00
 2.33222e+05
 0.00000e+00
 2.33222e+05
 0.00000e+00
 2.33222e+05
 0.00000e+00
 2.33222e+05
 2.29974e-26
 5.03697e-26
 2.33222e+05
 2.33222e+05
 0.00000e+00
 2.33222e+05
 2.58928e-11
 2.33222e+05
 0.00000e+00
 2.33222e+05
 0.00000e+00
 2.33222e+05
-5.17857e-11
 2.33222e+05
 0.00000e+00
 2.33222e+05
 2.33222e+05
 0.00000e+00
 2.46350e-25
 2.33222e+05
 1.16611e+05
 5.17857e-11
 0.00000e+00
 2.33222e+05
 2.33222e+05
 7.76785e-11
 2.33222e+05
 0.00000e+00
 2.33222e+05
 0.00000e+00
 2.33222e+05
 0.00000e+00
 2.33222e+05
 0.00000e+00
 2.33222e+05
 0.00000e+00
 2.33222e+05
 0.00000e+00
 2.33222e+05
 0.00000e+00
 2.33222e+05
 0.00000e+00
 2.33222e+05
-5.17857e-11
 2.33222e+05
 0.00000e+00
 2.33222e+05
 0.00000e+00
 2.33222e+05
 7.76785e-11
 2.33222e+05
 0.00000e+00
 2.33222e+05
 0.00000e+00
 2.33222e+05
 7.77406e+04
 0.00000e+00
 2.33222e+05
 2.33222e+05
-5.17857e-11
 2.33222e+05
 0.00000e+00
 2.33222e+05
 0.00000e+00
 1.16611e+05
-5.17857e-11
 2.33222e+05
 0.00000e+00
 2.58928e-11
 2.33222e+05
 0.00000e+00
 2.33222e+05
 0.00000e+00
 2.33222e+05
 0.00000e+00
 2.33222e+05
 0.00000e+00
 2.33222e+05
 2.33222e+05
 1.16611e+05
 2.33222e+05
 0.00000e+00
-1.14987e-26
 2.33222e+05
 4.40144e-25
-4.26457e-25
 1.16611e+05
-5.17857e-11
 2.33222e+05
 2.33222e+05
 0.00000e+00
 2.33222e+05
 1.16611e+05
-5.17857e-11
 2.33222e+05
 0.00000e+00
 2.33222e+05
 0.00000e+00
 5.83055e+04
-5.17857e-11
 2.33222e+05
 2.33222e+05
 0.00000e+00
 2.33222e+05
 0.00000e+00
 2.33222e+05
 0.00000e+00
 9.99522e+04
 0.00000e+00
 9.99522e+04
 0.00000e+00
 2.33222e+05
 2.33222e+05
 0.00000e+00
 2.33222e+05
 4.24270e-25
 2.33222e+05
 2.33222e+05
 0.00000e+00
 0.00000e+00
 2.33222e+05
 0.00000e+00
 2.33222e+05
 0.00000e+00
 2.33222e+05
-2.58928e-10
 0.00000e+00
 2.33222e+05
 2.33222e+05
 1.27702e+05
 2.33222e+05
 2.33222e+05
 2.33222e+05
 0.00000e+00
 2.33222e+05
-5.17857e-11
 2.33222e+05
 0.00000e+00
 2.33222e+05
 0.00000e+00
 2.33222e+05
 2.33222e+05
 0.00000e+00
 2.33222e+05
 0.00000e+00
 2.33222e+05
 2.33222e+05
 0.00000e+00
 2.33222e+05
 2.33222e+05
 2.33222e+05
 2.33222e+05
 0.00000e+00
 2.33222e+05
-5.17857e-11
-5.17857e-11
 2.33222e+05
 0.00000e+00
 2.33222e+05
 0.00000e+00
 2.33222e+05
 2.33222e+05
 2.33222e+05
 2.33222e+05
 2.33222e+05
 2.33222e+05
 0.00000e+00
 2.33222e+05
-5.17857e-11
 2.33222e+05
 0.00000e+00
 2.33222e+05
 0.00000e+00
 2.33222e+05
-5.17857e-11
 2.33222e+05
 0.00000e+00
 2.15477e+05
 2.15477e+05
 2.15477e+05
 2.15477e+05
 2.15477e+05
 2.15477e+05
 2.15477e+05
 2.15477e+05
 2.15477e+05
 2.15477e+05
 2.15477e+05
 2.15477e+05
 2.15477e+05
 2.15477e+05
 2.15477e+05
 2.15477e+05
 2.15477e+05
 2.15477e+05
 2.15477e+05
 2.15477e+05
 2.15477e+05
 2.24350e+05
 2.15477e+05
 2.15477e+05
 2.15477e+05
 2.15477e+05
 2.15477e+05
 2.15477e+05
 2.15477e+05
 2.24350e+05
 2.15477e+05
 2.15477e+05
 2.15477e+05
 2.24350e+05
 2.15477e+05
 2.15477e+05
 2.15477e+05
 2.15477e+05
 2.15477e+05
 2.15477e+05
 2.15477e+05
 2.15477e+05
 2.15477e+05
 2.15477e+05
 2.15477e+05
 2.15477e+05
 2.15477e+05
 2.15477e+05
 2.15477e+05
 2.15477e+05
 2.15477e+05
 2.15477e+05
 2.15477e+05
 2.15477e+05
 2.15477e+05
 2.15477e+05
 2.21392e+05
 2.15477e+05
 2.15477e+05
 2.15477e+05
 2.15477e+05
 2.24350e+05
 2.15477e+05
 2.15477e+05
 2.24350e+05
 2.15477e+05
 2.15477e+05
 2.27307e+05
 2.15477e+05
 2.24350e+05
 2.24350e+05
 2.15477e+05
 2.15477e+05
 2.24350e+05
 2.15477e+05
 2.15477e+05
 2.24350e+05
 2.15477e+05
 2.15477e+05
 2.15477e+05
 2.19914e+05
 2.15477e+05
 2.15477e+05
 2.15477e+05
 2.15477e+05
 2.23082e+05
 2.15477e+05
 2.23082e+05
 2.15477e+05
 2.15477e+05
 2.15477e+05
 2.15477e+05
 2.15477e+05
 2.15477e+05
 2.15477e+05
 2.15477e+05
 2.15477e+05
 2.15477e+05
 2.15477e+05
 2.15477e+05
 2.15477e+05
 2.15477e+05
 2.15477e+05
 2.15477e+05
 2.15477e+05
 2.15477e+05
 2.15477e+05
 2.15477e+05
 2.15477e+05
 2.15477e+05
 2.15477e+05
 2.15477e+05
 2.15477e+05
 2.15477e+05
 2.15477e+05
 2.15477e+05
 2.15477e+05
 2.15477e+05
 2.15477e+05
 2.21757e+05
 2.21757e+05
 2.21757e+05
 2.21757e+05
 2.21757e+05
 2.21757e+05
 2.21757e+05
 2.21757e+05
 2.21757e+05
 2.21757e+05
 2.21757e+05
 2.21757e+05
 2.21757e+05
 2.21757e+05
 2.21757e+05
 2.21757e+05
 2.21757e+05
 2.21757e+05
 2.21757e+05
 2.21757e+05
 2.21757e+05
 2.21757e+05
 2.21757e+05
 2.21757e+05
 2.18617e+05
 2.21757e+05
 2.21757e+05
 2.21757e+05
 2.21757e+05
 2.21757e+05
 2.21757e+05
 2.21757e+05
 2.21757e+05
 2.21757e+05
 2.21757e+05
 2.21757e+05
 2.21757e+05
 2.21757e+05
 2.21757e+05
 2.21757e+05
 2.21757e+05
 2.21757e+05
 2.21757e+05
 2.21757e+05
 2.21757e+05
 2.21757e+05
 2.21757e+05
 2.21757e+05
 2.21757e+05
 2.21757e+05
 2.21757e+05
 2.21757e+05
 2.21757e+05
 2.21757e+05
 2.21757e+05
 2.21757e+05
 2.21757e+05
 2.21757e+05
 2.21757e+05
 2.21757e+05
 2.21757e+05
 2.21757e+05
 2.21757e+05
 2.21757e+05
 2.21757e+05
 2.21757e+05
 2.21757e+05
 2.21757e+05
 2.18617e+05
 2.21757e+05
 2.21757e+05
 2.21757e+05
 2.21757e+05
 2.21757e+05
 2.21757e+05
 2.21757e+05
 2.21757e+05
 2.21757e+05
 2.21757e+05
 2.21757e+05
 2.21757e+05
 2.21757e+05
 2.21757e+05
 2.21757e+05
 2.21757e+05
 2.21757e+05
 2.21757e+05
 2.21757e+05
 2.21757e+05
 2.21757e+05
 2.21757e+05
 2.21757e+05
 2.21757e+05
 2.21757e+05
 2.21757e+05
 2.21757e+05
 2.21757e+05
 2.21757e+05
 2.21757e+05
 2.21757e+05
 2.21757e+05
 2.21757e+05
 2.21757e+05
 2.21757e+05
 2.21757e+05
 2.21757e+05
 2.21757e+05
 2.21757e+05
 2.24386e+05
 2.24386e+05
 2.24386e+05
 2.24386e+05
 2.24386e+05
 2.24386e+05
 2.24386e+05
 2.24386e+05
 2.24386e+05
 2.24386e+05
 2.24386e+05
 2.24386e+05
 2.24386e+05
 2.24386e+05
 2.24386e+05
 2.24386e+05
 2.24386e+05
 2.24386e+05
 2.24386e+05
 2.24386e+05
 2.23072e+05
 2.24386e+05
 2.24386e+05
 2.24386e+05
 2.24386e+05
 2.24386e+05
 2.24386e+05
 2.24386e+05
 2.24386e+05
 2.24386e+05
 2.23072e+05
 2.24386e+05
 2.24386e+05
 2.24386e+05
 2.24386e+05
 2.24386e+05
 2.24386e+05
 2.24386e+05
 2.24386e+05
 2.24386e+05
 2.24386e+05
 2.24386e+05
 2.24386e+05
 2.24386e+05
 2.24386e+05
 2.24386e+05
 2.24386e+05
 2.24386e+05
 2.24386e+05
 2.24386e+05
 2.24386e+05
 2.24386e+05
 2.24386e+05
 2.24386e+05
 2.24386e+05
 2.23072e+05
 2.24386e+05
 2.24386e+05
 2.24386e+05
 2.24386e+05
 2.23072e+05
 2.24386e+05
 2.24386e+05
 2.24386e+05
 2.24386e+05
 2.24386e+05
 2.24386e+05
 2.22414e+05
 2.24386e+05
 2.24386e+05
 2.24386e+05
 2.24386e+05
 2.24386e+05
 2.24386e+05
 2.24386e+05
 2.24386e+05
 2.24386e+05
 2.24386e+05
 2.24386e+05
 2.24386e+05
 2.24386e+05
 2.24386e+05
 2.24386e+05
 2.24386e+05
 2.24386e+05
 2.24386e+05
 2.24386e+05
 2.24386e+05
 2.24386e+05
 2.24386e+05
 2.24386e+05
 2.24386e+05
 2.24386e+05
 2.24386e+05
 2.24386e+05
 2.24386e+05
 2.24386e+05
 2.24386e+05
 2.24386e+05
 2.24386e+05
 2.24386e+05
 2.24386e+05
 2.24386e+05
 2.24386e+05
 2.24386e+05
 2.24386e+05
 2.24386e+05
 2.24386e+05
 2.24386e+05
 2.25470e+05
 2.25470e+05
 2.25470e+05
 2.25470e+05
 2.25470e+05
 2.25470e+05
 2.25470e+05
 2.25470e+05
 2.25470e+05
 2.25470e+05
 2.25470e+05
 2.25470e+05
 2.25470e+05
 2.25470e+05
 2.25470e+05
 2.25470e+05
 2.25470e+05
 2.25470e+05
 2.24928e+05
 2.25470e+05
 2.25470e+05
 2.25470e+05
 2.25470e+05
 2.25470e+05
 2.25470e+05
 2.25470e+05
 2.25470e+05
 2.25470e+05
 2.25470e+05
 2.25470e+05
 2.24928e+05
 2.25470e+05
 2.25470e+05
 2.25470e+05
 2.25470e+05
 2.25470e+05
 2.25470e+05
 2.25470e+05
 2.25470e+05
 2.25470e+05
 2.25470e+05
 2.25470e+05
 2.25470e+05
 2.25470e+05
 2.25470e+05
 2.25470e+05
 2.25470e+05
 2.25470e+05
 2.25470e+05
 2.25470e+05
 2.25470e+05
 2.25470e+05
 2.25470e+05
 2.25470e+05
 2.25470e+05
 2.25470e+05
 2.25470e+05
 2.25470e+05
 2.25470e+05
 2.25470e+05
 2.25470e+05
 2.25470e+05
 2.25470e+05
 2.24928e+05
 2.25470e+05
 2.25470e+05
 2.25470e+05
 2.24928e+05
 2.25470e+05
 2.24928e+05
 2.25470e+05
 2.25470e+05
 2.25470e+05
 2.24928e+05
 2.25470e+05
 2.25470e+05
 2.25470e+05
 2.25470e+05
 2.25199e+05
 2.25470e+05
 2.25470e+05
 2.25470e+05
 2.25470e+05
 2.25470e+05
 2.25470e+05
 2.25470e+05
 2.25470e+05
 2.25470e+05
 2.25470e+05
 2.25470e+05
 2.25470e+05
 2.25470e+05
 2.25470e+05
 2.25470e+05
 2.25470e+05
 2.25470e+05
 2.25470e+05
 2.25470e+05
 2.25470e+05
 2.25470e+05
 2.25470e+05
 2.25470e+05
 2.25470e+05
 2.25470e+05
 2.25470e+05
 2.25470e+05
 2.25470e+05
 2.25470e+05
 2.25470e+05
 2.25470e+05
 2.25470e+05
 2.25470e+05
 2.25470e+05
 2.25470e+05
 2.25470e+05
 2.25470e+05
 2.25470e+05
 2.25470e+05
 2.25470e+05
 2.25470e+05
 2.25767e+05
 2.25767e+05
 2.25767e+05
 2.25767e+05
 2.25767e+05
 2.25767e+05
 2.25767e+05
 2.25767e+05
 2.25767e+05
 2.25767e+05
 2.25767e+05
 2.25767e+05
 2.25767e+05
 2.25767e+05
 2.25767e+05
 2.25767e+05
 2.25767e+05
 2.25767e+05
 2.25767e+05
 2.25767e+05
 2.25767e+05
 2.25767e+05
 2.25767e+05
 2.25767e+05
 2.25767e+05
 2.25767e+05
 2.25767e+05
 2.25767e+05
 2.25767e+05
 2.25618e+05
 2.25767e+05
 2.25767e+05
 2.25767e+05
 2.25767e+05
 2.25767e+05
 2.25767e+05
 2.25767e+05
 2.25767e+05
 2.25767e+05
 2.25767e+05
 2.25618e+05
 2.25767e+05
 2.25767e+05
 2.25767e+05
 2.25767e+05
 2.25767e+05
 2.25767e+05
 2.25767e+05
 2.25767e+05
 2.25767e+05
 2.25767e+05
 2.25767e+05
 2.25767e+05
 2.25767e+05
 2.25767e+05
 2.25767e+05
 2.25767e+05
 2.25767e+05
 2.25767e+05
 2.25767e+05
 2.25767e+05
 2.25767e+05
 2.25618e+05
 2.25767e+05
 2.25767e+05
 2.25767e+05
 2.25767e+05
 2.25767e+05
 2.25767e+05
 2.25618e+05
 2.25618e+05
 2.25767e+05
 2.25767e+05
 2.25767e+05
 2.25618e+05
 2.25767e+05
 2.25767e+05
 2.25767e+05
 2.25767e+05
 2.25767e+05
 2.25767e+05
 2.25767e+05
 2.25692e+05
 2.25767e+05
 2.25767e+05
 2.25767e+05
 2.25767e+05
 2.25767e+05
 2.25767e+05
 2.25767e+05
 2.25767e+05
 2.25767e+05
 2.25767e+05
 2.25767e+05
 2.25767e+05
 2.25767e+05
 2.25767e+05
 2.25767e+05
 2.25767e+05
 2.25767e+05
 2.25767e+05
 2.25767e+05
 2.25767e+05
 2.25767e+05
 2.25767e+05
 2.25767e+05
 2.25767e+05
 2.25767e+05
 2.25767e+05
 2.25767e+05
 2.25767e+05
 2.25767e+05
 2.25767e+05
 2.25470e+05
 2.25470e+05
 2.25470e+05
 2.25470e+05
 2.25470e+05
 2.25470e+05
 2.25470e+05
 2.25470e+05
 2.25470e+05
 2.25470e+05
 2.25470e+05
 2.25470e+05
 2.25470e+05
 2.25470e+05
 2.25470e+05
 2.25470e+05
 2.25470e+05
 2.25470e+05
 2.25470e+05
 2.25470e+05
 2.25470e+05
 2.25470e+05
 2.25470e+05
 2.25470e+05
 2.25470e+05
 2.25470e+05
 2.25470e+05
 2.25470e+05
 2.25470e+05
 2.25470e+05
 2.25470e+05
 2.25470e+05
 2.25470e+05
 2.25470e+05
 2.25470e+05
 2.25470e+05
 2.25470e+05
 2.25470e+05
 2.25470e+05
 2.25470e+05
 2.25470e+05
 2.25470e+05
 2.25470e+05
 2.25470e+05
 2.25470e+05
 2.25470e+05
 2.25470e+05
 2.25470e+05
 2.25470e+05
 2.25470e+05
 2.25470e+05
 2.25470e+05
 2.25470e+05
 2.25470e+05
 2.25470e+05
 2.25470e+05
 2.25470e+05
 2.25470e+05
 2.25470e+05
 2.25470e+05
 2.25470e+05
 2.25470e+05
 2.25470e+05
 2.25470e+05
 2.25470e+05
 2.25470e+05
 2.25470e+05
 2.25470e+05
 2.25470e+05
 2.25470e+05
 2.25470e+05
 2.25470e+05
 2.25470e+05
 2.25470e+05
 2.25470e+05
 2.25470e+05
 2.25470e+05
 2.25470e+05
 2.25470e+05
 2.25639e+05
 2.25470e+05
 2.25470e+05
 2.25470e+05
 2.25470e+05
 2.25470e+05
 2.25470e+05
 2.25470e+05
 2.25470e+05
 2.25470e+05
 2.25470e+05
 2.25470e+05
 2.25470e+05
 2.25470e+05
 2.25470e+05
 2.25470e+05
 2.25470e+05
 2.25470e+05
 2.25470e+05
 2.25470e+05
 2.25470e+05
 2.25470e+05
 2.25470e+05
 2.25470e+05
 2.25470e+05
 2.25470e+05
 2.25470e+05
 2.25470e+05
 2.25470e+05
 2.24386e+05
 2.24386e+05
 2.24386e+05
 2.24386e+05
 2.24386e+05
 2.24386e+05
 2.24386e+05
 2.24386e+05
 2.24386e+05
 2.24386e+05
 2.24386e+05
 2.24386e+05
 2.24386e+05
 2.24386e+05
 2.24386e+05
 2.24386e+05
 2.24386e+05
 2.24386e+05
 2.24386e+05
 2.24386e+05
 2.24386e+05
 2.24386e+05
 2.24928e+05
 2.24386e+05
 2.24386e+05
 2.24386e+05
 2.24386e+05
 2.24386e+05
 2.24386e+05
 2.24386e+05
 2.24386e+05
 2.24386e+05
 2.24386e+05
 2.24386e+05
 2.24386e+05
 2.24386e+05
 2.24386e+05
 2.24386e+05
 2.24386e+05
 2.24386e+05
 2.24386e+05
 2.24386e+05
 2.24386e+05
 2.24386e+05
 2.24386e+05
 2.24386e+05
 2.24386e+05
 2.24386e+05
 2.24386e+05
 2.24386e+05
 2.24386e+05
 2.24386e+05
 2.24386e+05
 2.24386e+05
 2.24386e+05
 2.24386e+05
 2.24386e+05
 2.24386e+05
 2.24386e+05
 2.24386e+05
 2.24386e+05
 2.24386e+05
 2.24386e+05
 2.24386e+05
 2.24386e+05
 2.24386e+05
 2.24386e+05
 2.24386e+05
 2.24386e+05
 2.24386e+05
 2.24386e+05
 2.24386e+05
 2.24386e+05
 2.24386e+05
 2.24386e+05
 2.24386e+05
 2.24386e+05
 2.24386e+05
 2.24386e+05
 2.24386e+05
 2.24386e+05
 2.24386e+05
 2.24386e+05
 2.24386e+05
 2.24386e+05
 2.24386e+05
 2.24386e+05
 2.24386e+05
 2.24386e+05
 2.24386e+05
 2.24386e+05
 2.24386e+05
 2.24386e+05
 2.24386e+05
 2.24386e+05
 2.24386e+05
 2.24386e+05
 2.24386e+05
 2.24386e+05
 2.24386e+05
 2.24386e+05
 2.24386e+05
 2.24386e+05
 2.24386e+05
 2.24386e+05
 2.21757e+05
 2.21757e+05
 2.21757e+05
 2.21757e+05
 2.21757e+05
 2.21757e+05
 2.21757e+05
 2.21757e+05
 2.21757e+05
 2.21757e+05
 2.21757e+05
 2.21757e+05
 2.21757e+05
 2.21757e+05
 2.21757e+05
 2.21757e+05
 2.21757e+05
 2.21757e+05
 2.21757e+05
 2.21757e+05
 2.21757e+05
 2.21757e+05
 2.21757e+05
 2.21757e+05
 2.23072e+05
 2.21757e+05
 2.21757e+05
 2.21757e+05
 2.21757e+05
 2.21757e+05
 2.21757e+05
 2.21757e+05
 2.21757e+05
 2.21757e+05
 2.21757e+05
 2.21757e+05
 2.21757e+05
 2.21757e+05
 2.21757e+05
 2.21757e+05
 2.21757e+05
 2.21757e+05
 2.21757e+05
 2.21757e+05
 2.21757e+05
 2.21757e+05
 2.21757e+05
 2.21757e+05
 2.21757e+05
 2.21757e+05
 2.21757e+05
 2.21757e+05
 2.21757e+05
 2.21757e+05
 2.21757e+05
 2.21757e+05
 2.21757e+05
 2.21757e+05
 2.21757e+05
 2.21757e+05
 2.21757e+05
 2.21757e+05
 2.21757e+05
 2.21757e+05
 2.21757e+05
 2.21757e+05
 2.21757e+05
 2.21757e+05
 2.21757e+05
 2.21757e+05
 2.21757e+05
 2.21757e+05
 2.21757e+05
 2.21757e+05
 2.21757e+05
 2.21757e+05
 2.21757e+05
 2.21757e+05
 2.21757e+05
 2.21757e+05
 2.21757e+05
 2.22884e+05
 2.21757e+05
 2.21757e+05
 2.21757e+05
 2.21757e+05
 2.21757e+05
 2.21757e+05
 2.21757e+05
 2.21757e+05
 2.21757e+05
 2.21757e+05
 2.21757e+05
 2.21757e+05
 2.21757e+05
 2.21757e+05
 2.21757e+05
 2.21757e+05
 2.21757e+05
 2.21757e+05
 2.21757e+05
 2.21757e+05
 2.21757e+05
 2.21757e+05
 2.21757e+05
 2.21757e+05
 2.21757e+05
 2.21757e+05
 2.15477e+05
 2.15477e+05
 2.15477e+05
 2.15477e+05
 2.15477e+05
 2.15477e+05
 2.15477e+05
 2.15477e+05
 2.15477e+05
 2.15477e+05
 2.15477e+05
 2.15477e+05
 2.15477e+05
 2.15477e+05
 2.15477e+05
 2.15477e+05
 2.15477e+05
 2.15477e+05
 2.15477e+05
 2.15477e+05
 2.15477e+05
 2.15477e+05
 2.15477e+05
 2.15477e+05
 2.15477e+05
 2.15477e+05
 2.15477e+05
 2.15477e+05
 2.15477e+05
 2.15477e+05
 2.15477e+05
 2.15477e+05
 2.15477e+05
 2.15477e+05
 2.15477e+05
 2.15477e+05
 2.15477e+05
 2.15477e+05
 2.15477e+05
 2.15477e+05
 2.15477e+05
 2.15477e+05
 2.15477e+05
 2.15477e+05
 2.15477e+05
 2.15477e+05
 2.15477e+05
 2.15477e+05
 2.15477e+05
 2.15477e+05
 2.15477e+05
 2.15477e+05
 2.15477e+05
 2.15477e+05
 2.15477e+05
 2.15477e+05
 2.15477e+05
 2.15477e+05
 2.15477e+05
 2.15477e+05
 2.15477e+05
 2.15477e+05
 2.15477e+05
 2.15477e+05
 2.15477e+05
 2.15477e+05
 2.15477e+05
 2.15477e+05
 2.15477e+05
 2.15477e+05
 2.15477e+05
 2.15477e+05
 2.15477e+05
 2.15477e+05
 2.15477e+05
 2.20187e+05
 2.15477e+05
 2.15477e+05
 2.15477e+05
 2.15477e+05
 2.15477e+05
 2.15477e+05
 2.15477e+05
 2.15477e+05
 2.15477e+05
 2.15477e+05
 2.15477e+05
 2.15477e+05
 2.15477e+05
 2.15477e+05
 2.15477e+05
 2.15477e+05
 2.15477e+05
 2.15477e+05
 2.15477e+05
 2.15477e+05
 2.15477e+05
 2.15477e+05
 2.15477e+05
 2.15477e+05
 2.15477e+05
 2.15477e+05
 2.15477e+05
 2.15477e+05
 2.15477e+05
 2.15477e+05
 2.15477e+05
 2.15477e+05
 2.15477e+05
 2.33222e+05
 2.33222e+05
 2.33222e+05
 2.33222e+05
 2.33222e+05
 2.33222e+05
 2.33222e+05
 2.33222e+05
 2.33222e+05
 2.33222e+05
 2.33222e+05
 2.33222e+05
 2.33222e+05
 2.33222e+05
 2.33222e+05
 2.33222e+05
 2.33222e+05
 2.33222e+05
 2.33222e+05
 2.33222e+05
 2.33222e+05
 2.33222e+05
 2.33222e+05
 2.33222e+05
 2.33222e+05
 2.33222e+05
 2.33222e+05
 2.33222e+05
 2.33222e+05
 2.33222e+05
 2.33222e+05
 2.33222e+05
 2.33222e+05
 2.33222e+05
 2.33222e+05
 2.33222e+05
 2.33222e+05
 2.33222e+05
 2.24350e+05
 2.33222e+05
 2.33222e+05
 2.33222e+05
 2.33222e+05
 2.33222e+05
 2.33222e+05
 2.33222e+05
 2.33222e+05
 2.33222e+05
 2.33222e+05
 2.33222e+05
 2.33222e+05
 2.33222e+05
 2.33222e+05
 2.33222e+05
 2.33222e+05
 2.33222e+05
 2.33222e+05
 2.33222e+05
 2.33222e+05
 2.33222e+05
 2.33222e+05
 2.33222e+05
 2.33222e+05
 2.33222e+05
 2.33222e+05
 2.24350e+05
 2.33222e+05
 2.33222e+05
 2.33222e+05
 2.33222e+05
 2.33222e+05
 2.33222e+05
 2.33222e+05
 2.28786e+05
 2.33222e+05
 2.33222e+05
 2.33222e+05
 2.33222e+05
 2.33222e+05
 2.33222e+05
 2.33222e+05
 2.33222e+05
 2.33222e+05
 2.33222e+05
 2.33222e+05
 2.33222e+05
 2.33222e+05
 2.33222e+05
 2.33222e+05
 2.33222e+05
 2.33222e+05
 2.33222e+05
 2.33222e+05
 2.33222e+05
 2.33222e+05
 2.33222e+05
 2.33222e+05
 2.33222e+05
 2.33222e+05
 2.33222e+05
 2.33222e+05
 2.33222e+05
 2.33222e+05
 2.33222e+05
 2.33222e+05
 2.33222e+05
 2.33222e+05
 1.27702e+05
 0.00000e+00
 0.00000e+00
 0.00000e+00
 0.00000e+00
 0.00000e+00
 0.00000e+00
 0.00000e+00
 0.00000e+00
 0.00000e+00
 0.00000e+00
 0.00000e+00
 0.00000e+00
 0.00000e+00
 0.00000e+00
 0.00000e+00
 0.00000e+00
 0.00000e+00
 0.00000e+00
 0.00000e+00
 0.00000e+00
 0.00000e+00
 0.00000e+00
 0.00000e+00
 0.00000e+00
 0.00000e+00
 2.29974e-26
 7.33672e-26
 0.00000e+00
 0.00000e+00
 0.00000e+00
 0.00000e+00
 0.00000e+00
 0.00000e+00
 0.00000e+00
 0.00000e+00
 2.18978e-25
 0.00000e+00
 0.00000e+00
 1.16611e+05
-5.03697e-26
 0.00000e+00
 0.00000e+00
 0.00000e+00
 0.00000e+00
 0.00000e+00
 0.00000e+00
 0.00000e+00
 0.00000e+00
 0.00000e+00
 0.00000e+00
 0.00000e+00
 0.00000e+00
 0.00000e+00
 0.00000e+00
 0.00000e+00
 0.00000e+00
 0.00000e+00
 0.00000e+00
 0.00000e+00
 0.00000e+00
 0.00000e+00
 0.00000e+00
 0.00000e+00
 0.00000e+00
 0.00000e+00
 0.00000e+00
 1.36861e-26
 0.00000e+00
 1.16611e+05
 4.26457e-25
-4.14959e-25
 0.00000e+00
 0.00000e+00
 0.00000e+00
 0.00000e+00
 0.00000e+00
 0.00000e+00
 0.00000e+00
 0.00000e+00
 0.00000e+00
 0.00000e+00
 0.00000e+00
 0.00000e+00
 4.49455e-25
 0.00000e+00
 0.00000e+00
 0.00000e+00
 0.00000e+00
 2.14603e-25
 0.00000e+00
 1.27702e+05
 0.00000e+00
 0.00000e+00
 0.00000e+00
 0.00000e+00
 0.00000e+00
 0.00000e+00
 0.00000e+00
 0.00000e+00
 0.00000e+00
 0.00000e+00
 0.00000e+00
 0.00000e+00
 0.00000e+00
 0.00000e+00
 0.00000e+00
 0.00000e+00
