scalar
part
         1
coordinates
 8.33333e-05
 8.33333e-05
 8.33333e-05
 8.33333e-05
 8.33333e-05
 8.33333e-05
 8.33333e-05
 8.33333e-05
 8.33333e-05
 8.33333e-05
 8.33333e-05
 8.33333e-05
 8.33333e-05
 8.33333e-05
 8.33333e-05
 8.33333e-05
 8.33333e-05
 8.33333e-05
 8.33333e-05
 8.33333e-05
 8.33333e-05
 8.33333e-05
 8.33333e-05
 8.33333e-05
 8.33333e-05
 8.33333e-05
 8.33333e-05
 8.33333e-05
 8.33333e-05
 8.33333e-05
 8.33333e-05
 8.33333e-05
 8.33333e-05
 8.33333e-05
 8.33333e-05
 8.33333e-05
 8.33333e-05
 8.33333e-05
 8.33333e-05
 8.33333e-05
 8.33333e-05
 8.33333e-05
 8.33333e-05
 8.33333e-05
 8.33333e-05
 8.33333e-05
 8.33333e-05
 8.33333e-05
 8.33333e-05
 8.33333e-05
 8.33333e-05
 8.33333e-05
 8.33333e-05
 8.33333e-05
 8.33333e-05
 8.33333e-05
 8.33333e-05
 8.33333e-05
 8.33333e-05
 8.33333e-05
 8.33333e-05
 8.33333e-05
 8.33333e-05
 8.33333e-05
 8.33333e-05
 8.33333e-05
 8.33333e-05
 8.33333e-05
 8.33333e-05
 8.33333e-05
 8.33333e-05
 8.33333e-05
 8.33333e-05
 8.33333e-05
 8.33333e-05
 8.33333e-05
 8.33333e-05
 8.33333e-05
 8.33333e-05
 8.33333e-05
 8.33333e-05
 8.33333e-05
 8.33333e-05
 8.33333e-05
 8.33333e-05
 8.33333e-05
 8.33333e-05
 8.33333e-05
 8.33333e-05
 8.33333e-05
 8.33333e-05
 8.33333e-05
 8.33333e-05
 8.33333e-05
 8.33333e-05
 8.33333e-05
 8.33333e-05
 8.33333e-05
 8.33333e-05
 8.33333e-05
 8.33333e-05
 8.33333e-05
 8.33333e-05
 8.33333e-05
 8.33333e-05
 8.33333e-05
 8.33333e-05
 8.33333e-05
 8.33333e-05
