scalar
part
         1
coordinates
 1.70105e+05
 1.70120e+05
 1.70120e+05
 1.88871e-11
 1.70120e+05
 1.88871e-11
 1.70120e+05
 1.88871e-11
-3.23117e-27
 1.70120e+05
 1.88871e-11
 1.70120e+05
 1.88871e-11
 1.70120e+05
 1.88871e-11
 0.00000e+00
 1.70120e+05
 1.88871e-11
 1.70120e+05
 0.00000e+00
 0.00000e+00
 1.70120e+05
 1.88871e-11
 1.70120e+05
 0.00000e+00
 1.70120e+05
 1.88871e-11
 1.70120e+05
 0.00000e+00
 1.70120e+05
 1.70120e+05
 1.88871e-11
-5.66093e-26
 1.70120e+05
 1.88871e-11
 1.70120e+05
 1.88871e-11
 1.70120e+05
-4.40294e-26
 1.70120e+05
 1.70120e+05
 1.70120e+05
 1.70120e+05
 1.88871e-11
 1.70120e+05
 1.88871e-11
 1.70120e+05
 1.88871e-11
 1.70120e+05
 1.88871e-11
 1.70120e+05
 0.00000e+00
 1.70120e+05
 1.70105e+05
 1.70120e+05
 1.70120e+05
 1.70120e+05
 1.70120e+05
 1.70120e+05
 1.70120e+05
 1.70120e+05
 1.70120e+05
 1.70120e+05
 1.70120e+05
 1.70120e+05
 1.70120e+05
 1.70120e+05
 1.70120e+05
 1.70120e+05
 1.70120e+05
 1.70120e+05
 1.70120e+05
 1.70120e+05
 1.70120e+05
 1.70120e+05
 1.70120e+05
 1.70120e+05
 1.70120e+05
 1.70120e+05
 1.70120e+05
 1.70120e+05
 1.70120e+05
 1.70105e+05
 0.00000e+00
 0.00000e+00
 0.00000e+00
 0.00000e+00
 0.00000e+00
 0.00000e+00
 0.00000e+00
 0.00000e+00
 0.00000e+00
 0.00000e+00
 0.00000e+00
 0.00000e+00
 0.00000e+00
 0.00000e+00
 0.00000e+00
 0.00000e+00
-5.66093e-26
 0.00000e+00
 0.00000e+00
 0.00000e+00
-4.19326e-26
 0.00000e+00
 0.00000e+00
 0.00000e+00
 0.00000e+00
 1.70105e+05
