scalar
part
         1
coordinates
 1.14467e+05
 2.25757e+05
 2.25757e+05
 2.50641e-11
 2.25757e+05
 2.50641e-11
 2.25757e+05
 2.50641e-11
 3.23117e-27
 2.25757e+05
 2.50641e-11
 2.25757e+05
 2.50641e-11
 2.25757e+05
 2.50641e-11
-3.23117e-27
 2.25757e+05
 2.50641e-11
 2.25757e+05
 0.00000e+00
 0.00000e+00
 2.25757e+05
 2.50641e-11
 2.25757e+05
 0.00000e+00
 2.25757e+05
 2.50641e-11
 2.25757e+05
 0.00000e+00
 2.25757e+05
 2.25757e+05
 2.50641e-11
-2.57489e-26
 2.25757e+05
 2.50641e-11
 2.25757e+05
 2.50641e-11
 2.25757e+05
-2.00269e-26
 2.25757e+05
 2.25757e+05
 2.25757e+05
 2.25757e+05
 2.50641e-11
 2.25757e+05
 2.50641e-11
 2.25757e+05
 2.50641e-11
 2.25757e+05
 2.50641e-11
 2.25757e+05
 0.00000e+00
 2.25757e+05
 1.14467e+05
 2.25757e+05
 2.25757e+05
 2.25757e+05
 2.25757e+05
 2.25757e+05
 2.25757e+05
 2.25757e+05
 2.25757e+05
 2.25757e+05
 2.25757e+05
 2.25757e+05
 2.25757e+05
 2.25757e+05
 2.25757e+05
 2.25757e+05
 2.25757e+05
 2.25757e+05
 2.25757e+05
 2.25757e+05
 2.25757e+05
 2.25757e+05
 2.25757e+05
 2.25757e+05
 2.25757e+05
 2.25757e+05
 2.25757e+05
 2.25757e+05
 2.25757e+05
 1.14467e+05
 0.00000e+00
 0.00000e+00
 0.00000e+00
 0.00000e+00
 0.00000e+00
 0.00000e+00
 0.00000e+00
 0.00000e+00
 0.00000e+00
 0.00000e+00
 0.00000e+00
 0.00000e+00
 0.00000e+00
 0.00000e+00
 0.00000e+00
 0.00000e+00
-2.57489e-26
 0.00000e+00
 0.00000e+00
 0.00000e+00
-1.72443e-26
 0.00000e+00
 0.00000e+00
 0.00000e+00
 0.00000e+00
 1.14467e+05
