scalar
part
         1
coordinates
 3.42605e+05
 4.03949e+05
 4.03949e+05
 0.00000e+00
 4.03949e+05
 0.00000e+00
 4.03949e+05
 0.00000e+00
 4.03949e+05
 0.00000e+00
 4.03949e+05
 0.00000e+00
 4.03949e+05
 0.00000e+00
 8.96948e-11
 4.03949e+05
 0.00000e+00
 4.03949e+05
 0.00000e+00
 4.03949e+05
 0.00000e+00
 4.03949e+05
 0.00000e+00
 4.03949e+05
 0.00000e+00
 4.03949e+05
 0.00000e+00
 4.03949e+05
 0.00000e+00
 4.03949e+05
 0.00000e+00
 4.03949e+05
 0.00000e+00
 4.03949e+05
 0.00000e+00
 4.03949e+05
 0.00000e+00
 4.03949e+05
 0.00000e+00
 4.03949e+05
 0.00000e+00
 0.00000e+00
 4.03949e+05
 0.00000e+00
 4.03949e+05
 0.00000e+00
 4.03949e+05
 0.00000e+00
 4.03949e+05
 0.00000e+00
 4.03949e+05
 3.98325e-26
 1.35134e-25
 4.03949e+05
 4.03949e+05
 0.00000e+00
 4.03949e+05
 4.48474e-11
 4.03949e+05
 0.00000e+00
 4.03949e+05
 0.00000e+00
 4.03949e+05
-8.96948e-11
 4.03949e+05
 0.00000e+00
 4.03949e+05
 4.03949e+05
 0.00000e+00
 8.57713e-25
 4.03949e+05
 2.01975e+05
 8.96948e-11
 0.00000e+00
 4.03949e+05
 4.03949e+05
 1.34542e-10
 4.03949e+05
 0.00000e+00
 4.03949e+05
 0.00000e+00
 4.03949e+05
 0.00000e+00
 4.03949e+05
 0.00000e+00
 4.03949e+05
 0.00000e+00
 4.03949e+05
 0.00000e+00
 4.03949e+05
 0.00000e+00
 4.03949e+05
 0.00000e+00
 4.03949e+05
-8.96948e-11
 4.03949e+05
 0.00000e+00
 4.03949e+05
 0.00000e+00
 4.03949e+05
 1.34542e-10
 4.03949e+05
 0.00000e+00
 4.03949e+05
 0.00000e+00
 4.03949e+05
 1.34650e+05
 0.00000e+00
 4.03949e+05
 4.03949e+05
-8.96948e-11
 4.03949e+05
 0.00000e+00
 4.03949e+05
 0.00000e+00
 2.01975e+05
-8.96948e-11
 4.03949e+05
 0.00000e+00
 4.48474e-11
 4.03949e+05
 0.00000e+00
 4.03949e+05
 0.00000e+00
 4.03949e+05
 0.00000e+00
 4.03949e+05
 0.00000e+00
 4.03949e+05
 4.03949e+05
 2.01975e+05
 4.03949e+05
 0.00000e+00
-1.99162e-26
 4.03949e+05
 1.55256e-24
-1.50491e-24
 2.01975e+05
-8.96948e-11
 4.03949e+05
 4.03949e+05
 0.00000e+00
 4.03949e+05
 2.01975e+05
-8.96948e-11
 4.03949e+05
 0.00000e+00
 4.03949e+05
 0.00000e+00
 1.00987e+05
-8.96948e-11
 4.03949e+05
 4.03949e+05
 0.00000e+00
 4.03949e+05
 0.00000e+00
 4.03949e+05
 0.00000e+00
 1.73121e+05
 0.00000e+00
 1.73121e+05
 0.00000e+00
 4.03949e+05
 4.03949e+05
 0.00000e+00
 4.03949e+05
 1.47717e-24
 4.03949e+05
 4.03949e+05
 0.00000e+00
 0.00000e+00
 4.03949e+05
 0.00000e+00
 4.03949e+05
 0.00000e+00
 4.03949e+05
-4.48474e-10
 0.00000e+00
 4.03949e+05
 4.03949e+05
 3.42605e+05
 4.03949e+05
 4.03949e+05
 4.03949e+05
 0.00000e+00
 4.03949e+05
-8.96948e-11
 4.03949e+05
 0.00000e+00
 4.03949e+05
 0.00000e+00
 4.03949e+05
 4.03949e+05
 0.00000e+00
 4.03949e+05
 0.00000e+00
 4.03949e+05
 4.03949e+05
 0.00000e+00
 4.03949e+05
 4.03949e+05
 4.03949e+05
 4.03949e+05
 0.00000e+00
 4.03949e+05
-8.96948e-11
-8.96948e-11
 4.03949e+05
 0.00000e+00
 4.03949e+05
 0.00000e+00
 4.03949e+05
 4.03949e+05
 4.03949e+05
 4.03949e+05
 4.03949e+05
 4.03949e+05
 0.00000e+00
 4.03949e+05
-8.96948e-11
 4.03949e+05
 0.00000e+00
 4.03949e+05
 0.00000e+00
 4.03949e+05
-8.96948e-11
 4.03949e+05
 0.00000e+00
 1.26906e+05
 1.26906e+05
 1.26906e+05
 1.26906e+05
 1.26906e+05
 1.26906e+05
 1.26906e+05
 1.26906e+05
 1.26906e+05
 1.26906e+05
 1.26906e+05
 1.26906e+05
 1.26906e+05
 1.26906e+05
 1.26906e+05
 1.26906e+05
 1.26906e+05
 1.26906e+05
 1.26906e+05
 1.26906e+05
 1.26906e+05
 2.65427e+05
 1.26906e+05
 1.26906e+05
 1.26906e+05
 1.26906e+05
 1.26906e+05
 1.26906e+05
 1.26906e+05
 2.65427e+05
 1.26906e+05
 1.26906e+05
 1.26906e+05
 2.65427e+05
 1.26906e+05
 1.26906e+05
 1.26906e+05
 1.26906e+05
 1.26906e+05
 1.26906e+05
 1.26906e+05
 1.26906e+05
 1.26906e+05
 1.26906e+05
 1.26906e+05
 1.26906e+05
 1.26906e+05
 1.26906e+05
 1.26906e+05
 1.26906e+05
 1.26906e+05
 1.26906e+05
 1.26906e+05
 1.26906e+05
 1.26906e+05
 1.26906e+05
 2.19253e+05
 1.26906e+05
 1.26906e+05
 1.26906e+05
 1.26906e+05
 2.65427e+05
 1.26906e+05
 1.26906e+05
 2.65427e+05
 1.26906e+05
 1.26906e+05
 3.11601e+05
 1.26906e+05
 2.65427e+05
 2.65427e+05
 1.26906e+05
 1.26906e+05
 2.65427e+05
 1.26906e+05
 1.26906e+05
 2.65427e+05
 1.26906e+05
 1.26906e+05
 1.26906e+05
 1.96166e+05
 1.26906e+05
 1.26906e+05
 1.26906e+05
 1.26906e+05
 2.45639e+05
 1.26906e+05
 2.45639e+05
 1.26906e+05
 1.26906e+05
 1.26906e+05
 1.26906e+05
 1.26906e+05
 1.26906e+05
 1.26906e+05
 1.26906e+05
 1.26906e+05
 1.26906e+05
 1.26906e+05
 1.26906e+05
 1.26906e+05
 1.26906e+05
 1.26906e+05
 1.26906e+05
 1.26906e+05
 1.26906e+05
 1.26906e+05
 1.26906e+05
 1.26906e+05
 1.26906e+05
 1.26906e+05
 1.26906e+05
 1.26906e+05
 1.26906e+05
 1.26906e+05
 1.26906e+05
 1.26906e+05
 1.26906e+05
 1.26906e+05
 1.34201e+05
 1.34201e+05
 1.34201e+05
 1.34201e+05
 1.34201e+05
 1.34201e+05
 1.34201e+05
 1.34201e+05
 1.34201e+05
 1.34201e+05
 1.34201e+05
 1.34201e+05
 1.34201e+05
 1.34201e+05
 1.34201e+05
 1.34201e+05
 1.34201e+05
 1.34201e+05
 1.34201e+05
 1.34201e+05
 1.34201e+05
 1.34201e+05
 1.34201e+05
 1.34201e+05
 1.30553e+05
 1.34201e+05
 1.34201e+05
 1.34201e+05
 1.34201e+05
 1.34201e+05
 1.34201e+05
 1.34201e+05
 1.34201e+05
 1.34201e+05
 1.34201e+05
 1.34201e+05
 1.34201e+05
 1.34201e+05
 1.34201e+05
 1.34201e+05
 1.34201e+05
 1.34201e+05
 1.34201e+05
 1.34201e+05
 1.34201e+05
 1.34201e+05
 1.34201e+05
 1.34201e+05
 1.34201e+05
 1.34201e+05
 1.34201e+05
 1.34201e+05
 1.34201e+05
 1.34201e+05
 1.34201e+05
 1.34201e+05
 1.34201e+05
 1.34201e+05
 1.34201e+05
 1.34201e+05
 1.34201e+05
 1.34201e+05
 1.34201e+05
 1.34201e+05
 1.34201e+05
 1.34201e+05
 1.34201e+05
 1.34201e+05
 1.30553e+05
 1.34201e+05
 1.34201e+05
 1.34201e+05
 1.34201e+05
 1.34201e+05
 1.34201e+05
 1.34201e+05
 1.34201e+05
 1.34201e+05
 1.34201e+05
 1.34201e+05
 1.34201e+05
 1.34201e+05
 1.34201e+05
 1.34201e+05
 1.34201e+05
 1.34201e+05
 1.34201e+05
 1.34201e+05
 1.34201e+05
 1.34201e+05
 1.34201e+05
 1.34201e+05
 1.34201e+05
 1.34201e+05
 1.34201e+05
 1.34201e+05
 1.34201e+05
 1.34201e+05
 1.34201e+05
 1.34201e+05
 1.34201e+05
 1.34201e+05
 1.34201e+05
 1.34201e+05
 1.34201e+05
 1.34201e+05
 1.34201e+05
 1.34201e+05
 1.39292e+05
 1.39292e+05
 1.39292e+05
 1.39292e+05
 1.39292e+05
 1.39292e+05
 1.39292e+05
 1.39292e+05
 1.39292e+05
 1.39292e+05
 1.39292e+05
 1.39292e+05
 1.39292e+05
 1.39292e+05
 1.39292e+05
 1.39292e+05
 1.39292e+05
 1.39292e+05
 1.39292e+05
 1.39292e+05
 1.36747e+05
 1.39292e+05
 1.39292e+05
 1.39292e+05
 1.39292e+05
 1.39292e+05
 1.39292e+05
 1.39292e+05
 1.39292e+05
 1.39292e+05
 1.36747e+05
 1.39292e+05
 1.39292e+05
 1.39292e+05
 1.39292e+05
 1.39292e+05
 1.39292e+05
 1.39292e+05
 1.39292e+05
 1.39292e+05
 1.39292e+05
 1.39292e+05
 1.39292e+05
 1.39292e+05
 1.39292e+05
 1.39292e+05
 1.39292e+05
 1.39292e+05
 1.39292e+05
 1.39292e+05
 1.39292e+05
 1.39292e+05
 1.39292e+05
 1.39292e+05
 1.39292e+05
 1.36747e+05
 1.39292e+05
 1.39292e+05
 1.39292e+05
 1.39292e+05
 1.36747e+05
 1.39292e+05
 1.39292e+05
 1.39292e+05
 1.39292e+05
 1.39292e+05
 1.39292e+05
 1.35474e+05
 1.39292e+05
 1.39292e+05
 1.39292e+05
 1.39292e+05
 1.39292e+05
 1.39292e+05
 1.39292e+05
 1.39292e+05
 1.39292e+05
 1.39292e+05
 1.39292e+05
 1.39292e+05
 1.39292e+05
 1.39292e+05
 1.39292e+05
 1.39292e+05
 1.39292e+05
 1.39292e+05
 1.39292e+05
 1.39292e+05
 1.39292e+05
 1.39292e+05
 1.39292e+05
 1.39292e+05
 1.39292e+05
 1.39292e+05
 1.39292e+05
 1.39292e+05
 1.39292e+05
 1.39292e+05
 1.39292e+05
 1.39292e+05
 1.39292e+05
 1.39292e+05
 1.39292e+05
 1.39292e+05
 1.39292e+05
 1.39292e+05
 1.39292e+05
 1.39292e+05
 1.39292e+05
 1.42298e+05
 1.42298e+05
 1.42298e+05
 1.42298e+05
 1.42298e+05
 1.42298e+05
 1.42298e+05
 1.42298e+05
 1.42298e+05
 1.42298e+05
 1.42298e+05
 1.42298e+05
 1.42298e+05
 1.42298e+05
 1.42298e+05
 1.42298e+05
 1.42298e+05
 1.42298e+05
 1.40795e+05
 1.42298e+05
 1.42298e+05
 1.42298e+05
 1.42298e+05
 1.42298e+05
 1.42298e+05
 1.42298e+05
 1.42298e+05
 1.42298e+05
 1.42298e+05
 1.42298e+05
 1.40795e+05
 1.42298e+05
 1.42298e+05
 1.42298e+05
 1.42298e+05
 1.42298e+05
 1.42298e+05
 1.42298e+05
 1.42298e+05
 1.42298e+05
 1.42298e+05
 1.42298e+05
 1.42298e+05
 1.42298e+05
 1.42298e+05
 1.42298e+05
 1.42298e+05
 1.42298e+05
 1.42298e+05
 1.42298e+05
 1.42298e+05
 1.42298e+05
 1.42298e+05
 1.42298e+05
 1.42298e+05
 1.42298e+05
 1.42298e+05
 1.42298e+05
 1.42298e+05
 1.42298e+05
 1.42298e+05
 1.42298e+05
 1.42298e+05
 1.40795e+05
 1.42298e+05
 1.42298e+05
 1.42298e+05
 1.40795e+05
 1.42298e+05
 1.40795e+05
 1.42298e+05
 1.42298e+05
 1.42298e+05
 1.40795e+05
 1.42298e+05
 1.42298e+05
 1.42298e+05
 1.42298e+05
 1.41547e+05
 1.42298e+05
 1.42298e+05
 1.42298e+05
 1.42298e+05
 1.42298e+05
 1.42298e+05
 1.42298e+05
 1.42298e+05
 1.42298e+05
 1.42298e+05
 1.42298e+05
 1.42298e+05
 1.42298e+05
 1.42298e+05
 1.42298e+05
 1.42298e+05
 1.42298e+05
 1.42298e+05
 1.42298e+05
 1.42298e+05
 1.42298e+05
 1.42298e+05
 1.42298e+05
 1.42298e+05
 1.42298e+05
 1.42298e+05
 1.42298e+05
 1.42298e+05
 1.42298e+05
 1.42298e+05
 1.42298e+05
 1.42298e+05
 1.42298e+05
 1.42298e+05
 1.42298e+05
 1.42298e+05
 1.42298e+05
 1.42298e+05
 1.42298e+05
 1.42298e+05
 1.42298e+05
 1.43293e+05
 1.43293e+05
 1.43293e+05
 1.43293e+05
 1.43293e+05
 1.43293e+05
 1.43293e+05
 1.43293e+05
 1.43293e+05
 1.43293e+05
 1.43293e+05
 1.43293e+05
 1.43293e+05
 1.43293e+05
 1.43293e+05
 1.43293e+05
 1.43293e+05
 1.43293e+05
 1.43293e+05
 1.43293e+05
 1.43293e+05
 1.43293e+05
 1.43293e+05
 1.43293e+05
 1.43293e+05
 1.43293e+05
 1.43293e+05
 1.43293e+05
 1.43293e+05
 1.42796e+05
 1.43293e+05
 1.43293e+05
 1.43293e+05
 1.43293e+05
 1.43293e+05
 1.43293e+05
 1.43293e+05
 1.43293e+05
 1.43293e+05
 1.43293e+05
 1.42796e+05
 1.43293e+05
 1.43293e+05
 1.43293e+05
 1.43293e+05
 1.43293e+05
 1.43293e+05
 1.43293e+05
 1.43293e+05
 1.43293e+05
 1.43293e+05
 1.43293e+05
 1.43293e+05
 1.43293e+05
 1.43293e+05
 1.43293e+05
 1.43293e+05
 1.43293e+05
 1.43293e+05
 1.43293e+05
 1.43293e+05
 1.43293e+05
 1.42796e+05
 1.43293e+05
 1.43293e+05
 1.43293e+05
 1.43293e+05
 1.43293e+05
 1.43293e+05
 1.42796e+05
 1.42796e+05
 1.43293e+05
 1.43293e+05
 1.43293e+05
 1.42796e+05
 1.43293e+05
 1.43293e+05
 1.43293e+05
 1.43293e+05
 1.43293e+05
 1.43293e+05
 1.43293e+05
 1.43044e+05
 1.43293e+05
 1.43293e+05
 1.43293e+05
 1.43293e+05
 1.43293e+05
 1.43293e+05
 1.43293e+05
 1.43293e+05
 1.43293e+05
 1.43293e+05
 1.43293e+05
 1.43293e+05
 1.43293e+05
 1.43293e+05
 1.43293e+05
 1.43293e+05
 1.43293e+05
 1.43293e+05
 1.43293e+05
 1.43293e+05
 1.43293e+05
 1.43293e+05
 1.43293e+05
 1.43293e+05
 1.43293e+05
 1.43293e+05
 1.43293e+05
 1.43293e+05
 1.43293e+05
 1.43293e+05
 1.42298e+05
 1.42298e+05
 1.42298e+05
 1.42298e+05
 1.42298e+05
 1.42298e+05
 1.42298e+05
 1.42298e+05
 1.42298e+05
 1.42298e+05
 1.42298e+05
 1.42298e+05
 1.42298e+05
 1.42298e+05
 1.42298e+05
 1.42298e+05
 1.42298e+05
 1.42298e+05
 1.42298e+05
 1.42298e+05
 1.42298e+05
 1.42298e+05
 1.42298e+05
 1.42298e+05
 1.42298e+05
 1.42298e+05
 1.42298e+05
 1.42298e+05
 1.42298e+05
 1.42298e+05
 1.42298e+05
 1.42298e+05
 1.42298e+05
 1.42298e+05
 1.42298e+05
 1.42298e+05
 1.42298e+05
 1.42298e+05
 1.42298e+05
 1.42298e+05
 1.42298e+05
 1.42298e+05
 1.42298e+05
 1.42298e+05
 1.42298e+05
 1.42298e+05
 1.42298e+05
 1.42298e+05
 1.42298e+05
 1.42298e+05
 1.42298e+05
 1.42298e+05
 1.42298e+05
 1.42298e+05
 1.42298e+05
 1.42298e+05
 1.42298e+05
 1.42298e+05
 1.42298e+05
 1.42298e+05
 1.42298e+05
 1.42298e+05
 1.42298e+05
 1.42298e+05
 1.42298e+05
 1.42298e+05
 1.42298e+05
 1.42298e+05
 1.42298e+05
 1.42298e+05
 1.42298e+05
 1.42298e+05
 1.42298e+05
 1.42298e+05
 1.42298e+05
 1.42298e+05
 1.42298e+05
 1.42298e+05
 1.42298e+05
 1.42867e+05
 1.42298e+05
 1.42298e+05
 1.42298e+05
 1.42298e+05
 1.42298e+05
 1.42298e+05
 1.42298e+05
 1.42298e+05
 1.42298e+05
 1.42298e+05
 1.42298e+05
 1.42298e+05
 1.42298e+05
 1.42298e+05
 1.42298e+05
 1.42298e+05
 1.42298e+05
 1.42298e+05
 1.42298e+05
 1.42298e+05
 1.42298e+05
 1.42298e+05
 1.42298e+05
 1.42298e+05
 1.42298e+05
 1.42298e+05
 1.42298e+05
 1.42298e+05
 1.39292e+05
 1.39292e+05
 1.39292e+05
 1.39292e+05
 1.39292e+05
 1.39292e+05
 1.39292e+05
 1.39292e+05
 1.39292e+05
 1.39292e+05
 1.39292e+05
 1.39292e+05
 1.39292e+05
 1.39292e+05
 1.39292e+05
 1.39292e+05
 1.39292e+05
 1.39292e+05
 1.39292e+05
 1.39292e+05
 1.39292e+05
 1.39292e+05
 1.40795e+05
 1.39292e+05
 1.39292e+05
 1.39292e+05
 1.39292e+05
 1.39292e+05
 1.39292e+05
 1.39292e+05
 1.39292e+05
 1.39292e+05
 1.39292e+05
 1.39292e+05
 1.39292e+05
 1.39292e+05
 1.39292e+05
 1.39292e+05
 1.39292e+05
 1.39292e+05
 1.39292e+05
 1.39292e+05
 1.39292e+05
 1.39292e+05
 1.39292e+05
 1.39292e+05
 1.39292e+05
 1.39292e+05
 1.39292e+05
 1.39292e+05
 1.39292e+05
 1.39292e+05
 1.39292e+05
 1.39292e+05
 1.39292e+05
 1.39292e+05
 1.39292e+05
 1.39292e+05
 1.39292e+05
 1.39292e+05
 1.39292e+05
 1.39292e+05
 1.39292e+05
 1.39292e+05
 1.39292e+05
 1.39292e+05
 1.39292e+05
 1.39292e+05
 1.39292e+05
 1.39292e+05
 1.39292e+05
 1.39292e+05
 1.39292e+05
 1.39292e+05
 1.39292e+05
 1.39292e+05
 1.39292e+05
 1.39292e+05
 1.39292e+05
 1.39292e+05
 1.39292e+05
 1.39292e+05
 1.39292e+05
 1.39292e+05
 1.39292e+05
 1.39292e+05
 1.39292e+05
 1.39292e+05
 1.39292e+05
 1.39292e+05
 1.39292e+05
 1.39292e+05
 1.39292e+05
 1.39292e+05
 1.39292e+05
 1.39292e+05
 1.39292e+05
 1.39292e+05
 1.39292e+05
 1.39292e+05
 1.39292e+05
 1.39292e+05
 1.39292e+05
 1.39292e+05
 1.39292e+05
 1.34201e+05
 1.34201e+05
 1.34201e+05
 1.34201e+05
 1.34201e+05
 1.34201e+05
 1.34201e+05
 1.34201e+05
 1.34201e+05
 1.34201e+05
 1.34201e+05
 1.34201e+05
 1.34201e+05
 1.34201e+05
 1.34201e+05
 1.34201e+05
 1.34201e+05
 1.34201e+05
 1.34201e+05
 1.34201e+05
 1.34201e+05
 1.34201e+05
 1.34201e+05
 1.34201e+05
 1.36747e+05
 1.34201e+05
 1.34201e+05
 1.34201e+05
 1.34201e+05
 1.34201e+05
 1.34201e+05
 1.34201e+05
 1.34201e+05
 1.34201e+05
 1.34201e+05
 1.34201e+05
 1.34201e+05
 1.34201e+05
 1.34201e+05
 1.34201e+05
 1.34201e+05
 1.34201e+05
 1.34201e+05
 1.34201e+05
 1.34201e+05
 1.34201e+05
 1.34201e+05
 1.34201e+05
 1.34201e+05
 1.34201e+05
 1.34201e+05
 1.34201e+05
 1.34201e+05
 1.34201e+05
 1.34201e+05
 1.34201e+05
 1.34201e+05
 1.34201e+05
 1.34201e+05
 1.34201e+05
 1.34201e+05
 1.34201e+05
 1.34201e+05
 1.34201e+05
 1.34201e+05
 1.34201e+05
 1.34201e+05
 1.34201e+05
 1.34201e+05
 1.34201e+05
 1.34201e+05
 1.34201e+05
 1.34201e+05
 1.34201e+05
 1.34201e+05
 1.34201e+05
 1.34201e+05
 1.34201e+05
 1.34201e+05
 1.34201e+05
 1.34201e+05
 1.36383e+05
 1.34201e+05
 1.34201e+05
 1.34201e+05
 1.34201e+05
 1.34201e+05
 1.34201e+05
 1.34201e+05
 1.34201e+05
 1.34201e+05
 1.34201e+05
 1.34201e+05
 1.34201e+05
 1.34201e+05
 1.34201e+05
 1.34201e+05
 1.34201e+05
 1.34201e+05
 1.34201e+05
 1.34201e+05
 1.34201e+05
 1.34201e+05
 1.34201e+05
 1.34201e+05
 1.34201e+05
 1.34201e+05
 1.34201e+05
 1.26906e+05
 1.26906e+05
 1.26906e+05
 1.26906e+05
 1.26906e+05
 1.26906e+05
 1.26906e+05
 1.26906e+05
 1.26906e+05
 1.26906e+05
 1.26906e+05
 1.26906e+05
 1.26906e+05
 1.26906e+05
 1.26906e+05
 1.26906e+05
 1.26906e+05
 1.26906e+05
 1.26906e+05
 1.26906e+05
 1.26906e+05
 1.26906e+05
 1.26906e+05
 1.26906e+05
 1.26906e+05
 1.26906e+05
 1.26906e+05
 1.26906e+05
 1.26906e+05
 1.26906e+05
 1.26906e+05
 1.26906e+05
 1.26906e+05
 1.26906e+05
 1.26906e+05
 1.26906e+05
 1.26906e+05
 1.26906e+05
 1.26906e+05
 1.26906e+05
 1.26906e+05
 1.26906e+05
 1.26906e+05
 1.26906e+05
 1.26906e+05
 1.26906e+05
 1.26906e+05
 1.26906e+05
 1.26906e+05
 1.26906e+05
 1.26906e+05
 1.26906e+05
 1.26906e+05
 1.26906e+05
 1.26906e+05
 1.26906e+05
 1.26906e+05
 1.26906e+05
 1.26906e+05
 1.26906e+05
 1.26906e+05
 1.26906e+05
 1.26906e+05
 1.26906e+05
 1.26906e+05
 1.26906e+05
 1.26906e+05
 1.26906e+05
 1.26906e+05
 1.26906e+05
 1.26906e+05
 1.26906e+05
 1.26906e+05
 1.26906e+05
 1.26906e+05
 1.32377e+05
 1.26906e+05
 1.26906e+05
 1.26906e+05
 1.26906e+05
 1.26906e+05
 1.26906e+05
 1.26906e+05
 1.26906e+05
 1.26906e+05
 1.26906e+05
 1.26906e+05
 1.26906e+05
 1.26906e+05
 1.26906e+05
 1.26906e+05
 1.26906e+05
 1.26906e+05
 1.26906e+05
 1.26906e+05
 1.26906e+05
 1.26906e+05
 1.26906e+05
 1.26906e+05
 1.26906e+05
 1.26906e+05
 1.26906e+05
 1.26906e+05
 1.26906e+05
 1.26906e+05
 1.26906e+05
 1.26906e+05
 1.26906e+05
 1.26906e+05
 4.03949e+05
 4.03949e+05
 4.03949e+05
 4.03949e+05
 4.03949e+05
 4.03949e+05
 4.03949e+05
 4.03949e+05
 4.03949e+05
 4.03949e+05
 4.03949e+05
 4.03949e+05
 4.03949e+05
 4.03949e+05
 4.03949e+05
 4.03949e+05
 4.03949e+05
 4.03949e+05
 4.03949e+05
 4.03949e+05
 4.03949e+05
 4.03949e+05
 4.03949e+05
 4.03949e+05
 4.03949e+05
 4.03949e+05
 4.03949e+05
 4.03949e+05
 4.03949e+05
 4.03949e+05
 4.03949e+05
 4.03949e+05
 4.03949e+05
 4.03949e+05
 4.03949e+05
 4.03949e+05
 4.03949e+05
 4.03949e+05
 2.65427e+05
 4.03949e+05
 4.03949e+05
 4.03949e+05
 4.03949e+05
 4.03949e+05
 4.03949e+05
 4.03949e+05
 4.03949e+05
 4.03949e+05
 4.03949e+05
 4.03949e+05
 4.03949e+05
 4.03949e+05
 4.03949e+05
 4.03949e+05
 4.03949e+05
 4.03949e+05
 4.03949e+05
 4.03949e+05
 4.03949e+05
 4.03949e+05
 4.03949e+05
 4.03949e+05
 4.03949e+05
 4.03949e+05
 4.03949e+05
 2.65427e+05
 4.03949e+05
 4.03949e+05
 4.03949e+05
 4.03949e+05
 4.03949e+05
 4.03949e+05
 4.03949e+05
 3.34688e+05
 4.03949e+05
 4.03949e+05
 4.03949e+05
 4.03949e+05
 4.03949e+05
 4.03949e+05
 4.03949e+05
 4.03949e+05
 4.03949e+05
 4.03949e+05
 4.03949e+05
 4.03949e+05
 4.03949e+05
 4.03949e+05
 4.03949e+05
 4.03949e+05
 4.03949e+05
 4.03949e+05
 4.03949e+05
 4.03949e+05
 4.03949e+05
 4.03949e+05
 4.03949e+05
 4.03949e+05
 4.03949e+05
 4.03949e+05
 4.03949e+05
 4.03949e+05
 4.03949e+05
 4.03949e+05
 4.03949e+05
 4.03949e+05
 4.03949e+05
 3.42605e+05
 0.00000e+00
 0.00000e+00
 0.00000e+00
 0.00000e+00
 0.00000e+00
 0.00000e+00
 0.00000e+00
 0.00000e+00
 0.00000e+00
 0.00000e+00
 0.00000e+00
 0.00000e+00
 0.00000e+00
 0.00000e+00
 0.00000e+00
 0.00000e+00
 0.00000e+00
 0.00000e+00
 0.00000e+00
 0.00000e+00
 0.00000e+00
 0.00000e+00
 0.00000e+00
 0.00000e+00
 0.00000e+00
 3.98325e-26
 1.74966e-25
 0.00000e+00
 0.00000e+00
 0.00000e+00
 0.00000e+00
 0.00000e+00
 0.00000e+00
 0.00000e+00
 0.00000e+00
 7.62412e-25
 0.00000e+00
 0.00000e+00
 2.01975e+05
-1.35134e-25
 0.00000e+00
 0.00000e+00
 0.00000e+00
 0.00000e+00
 0.00000e+00
 0.00000e+00
 0.00000e+00
 0.00000e+00
 0.00000e+00
 0.00000e+00
 0.00000e+00
 0.00000e+00
 0.00000e+00
 0.00000e+00
 0.00000e+00
 0.00000e+00
 0.00000e+00
 0.00000e+00
 0.00000e+00
 0.00000e+00
 0.00000e+00
 0.00000e+00
 0.00000e+00
 0.00000e+00
 0.00000e+00
 0.00000e+00
 4.76507e-26
 0.00000e+00
 2.01975e+05
 1.50491e-24
-1.48499e-24
 0.00000e+00
 0.00000e+00
 0.00000e+00
 0.00000e+00
 0.00000e+00
 0.00000e+00
 0.00000e+00
 0.00000e+00
 0.00000e+00
 0.00000e+00
 0.00000e+00
 0.00000e+00
 1.54474e-24
 0.00000e+00
 0.00000e+00
 0.00000e+00
 0.00000e+00
 7.06943e-25
 0.00000e+00
 3.42605e+05
 0.00000e+00
 0.00000e+00
 0.00000e+00
 0.00000e+00
 0.00000e+00
 0.00000e+00
 0.00000e+00
 0.00000e+00
 0.00000e+00
 0.00000e+00
 0.00000e+00
 0.00000e+00
 0.00000e+00
 0.00000e+00
 0.00000e+00
 0.00000e+00
